0.0000000000E+00 9.5371189686E+02 4.1978655188E+02 5.3392534498E+02 9.3285900418E-01 0.0000000000E+00
1.0000000000E-03 9.5371180442E+02 4.1977356411E+02 5.3393824031E+02 9.3283014247E-01 0.0000000000E+00
2.0000000000E-03 9.5371175220E+02 4.1976057120E+02 5.3395118100E+02 9.3280126933E-01 0.0000000000E+00
3.0000000000E-03 9.5371163803E+02 4.1974741595E+02 5.3396422208E+02 9.3277203543E-01 0.0000000000E+00
4.0000000000E-03 9.5371143379E+02 4.1973423304E+02 5.3397720075E+02 9.3274274009E-01 0.0000000000E+00
5.0000000000E-03 9.5371115680E+02 4.1972109689E+02 5.3399005991E+02 9.3271354863E-01 0.0000000000E+00
6.0000000000E-03 9.5371095486E+02 4.1970783675E+02 5.3400311811E+02 9.3268408166E-01 0.0000000000E+00
7.0000000000E-03 9.5371075237E+02 4.1969439566E+02 5.3401635672E+02 9.3265421257E-01 0.0000000000E+00
8.0000000000E-03 9.5371054303E+02 4.1968083919E+02 5.3402970384E+02 9.3262408709E-01 0.0000000000E+00
9.0000000000E-03 9.5371025898E+02 4.1966702793E+02 5.3404323106E+02 9.3259339540E-01 0.0000000000E+00
1.0000000000E-02 9.5371005006E+02 4.1965285188E+02 5.3405719818E+02 9.3256189307E-01 0.0000000000E+00
1.1000000000E-02 9.5370978977E+02 4.1963827250E+02 5.3407151726E+02 9.3252949445E-01 0.0000000000E+00
1.2000000000E-02 9.5370948917E+02 4.1962337940E+02 5.3408610977E+02 9.3249639866E-01 0.0000000000E+00
1.3000000000E-02 9.5370923183E+02 4.1960826606E+02 5.3410096577E+02 9.3246281347E-01 0.0000000000E+00
1.4000000000E-02 9.5370898570E+02 4.1959284013E+02 5.3411614556E+02 9.3242853363E-01 0.0000000000E+00
1.5000000000E-02 9.5370877466E+02 4.1957692508E+02 5.3413184959E+02 9.3239316684E-01 0.0000000000E+00
1.6000000000E-02 9.5370862174E+02 4.1956033368E+02 5.3414828806E+02 9.3235629707E-01 0.0000000000E+00
1.7000000000E-02 9.5370839529E+02 4.1954289296E+02 5.3416550233E+02 9.3231753991E-01 0.0000000000E+00
1.8000000000E-02 9.5370821300E+02 4.1952466827E+02 5.3418354472E+02 9.3227704061E-01 0.0000000000E+00
1.9000000000E-02 9.5370792681E+02 4.1950573483E+02 5.3420219198E+02 9.3223496629E-01 0.0000000000E+00
2.0000000000E-02 9.5370762876E+02 4.1948611701E+02 5.3422151174E+02 9.3219137114E-01 0.0000000000E+00
2.1000000000E-02 9.5370741637E+02 4.1946578624E+02 5.3424163014E+02 9.3214619164E-01 0.0000000000E+00
2.2000000000E-02 9.5370710498E+02 4.1944437801E+02 5.3426272697E+02 9.3209861780E-01 0.0000000000E+00
2.3000000000E-02 9.5370684229E+02 4.1942178989E+02 5.3428505241E+02 9.3204842197E-01 0.0000000000E+00
2.4000000000E-02 9.5370666978E+02 4.1939817729E+02 5.3430849249E+02 9.3199594953E-01 0.0000000000E+00
2.5000000000E-02 9.5370653462E+02 4.1937346600E+02 5.3433306862E+02 9.3194103555E-01 0.0000000000E+00
2.6000000000E-02 9.5370632740E+02 4.1934759737E+02 5.3435873003E+02 9.3188354970E-01 0.0000000000E+00
2.7000000000E-02 9.5370620968E+02 4.1932061985E+02 5.3438558983E+02 9.3182359967E-01 0.0000000000E+00
2.8000000000E-02 9.5370591560E+02 4.1929251243E+02 5.3441340317E+02 9.3176113873E-01 0.0000000000E+00
2.9000000000E-02 9.5370557316E+02 4.1926324894E+02 5.3444232422E+02 9.3169610875E-01 0.0000000000E+00
3.0000000000E-02 9.5370510202E+02 4.1923269263E+02 5.3447240939E+02 9.3162820584E-01 0.0000000000E+00
3.1000000000E-02 9.5370451221E+02 4.1920075730E+02 5.3450375491E+02 9.3155723844E-01 0.0000000000E+00
3.2000000000E-02 9.5370403042E+02 4.1916742165E+02 5.3453660878E+02 9.3148315922E-01 0.0000000000E+00
3.3000000000E-02 9.5370350749E+02 4.1913267544E+02 5.3457083205E+02 9.3140594543E-01 0.0000000000E+00
3.4000000000E-02 9.5370297593E+02 4.1909625355E+02 5.3460672238E+02 9.3132500789E-01 0.0000000000E+00
3.5000000000E-02 9.5370254008E+02 4.1905761619E+02 5.3464492389E+02 9.3123914708E-01 0.0000000000E+00
3.6000000000E-02 9.5370215521E+02 4.1901643581E+02 5.3468571939E+02 9.3114763514E-01 0.0000000000E+00
3.7000000000E-02 9.5370176226E+02 4.1897228696E+02 5.3472947530E+02 9.3104952657E-01 0.0000000000E+00
3.8000000000E-02 9.5370144681E+02 4.1892484707E+02 5.3477659974E+02 9.3094410460E-01 0.0000000000E+00
3.9000000000E-02 9.5370107231E+02 4.1887397215E+02 5.3482710016E+02 9.3083104922E-01 0.0000000000E+00
4.0000000000E-02 9.5370077720E+02 4.1881940277E+02 5.3488137444E+02 9.3070978392E-01 0.0000000000E+00
4.1000000000E-02 9.5370046780E+02 4.1876094729E+02 5.3493952051E+02 9.3057988287E-01 0.0000000000E+00
4.2000000000E-02 9.5370013734E+02 4.1869898602E+02 5.3500115133E+02 9.3044219115E-01 0.0000000000E+00
4.3000000000E-02 9.5369983278E+02 4.1863480953E+02 5.3506502325E+02 9.3029957673E-01 0.0000000000E+00
4.4000000000E-02 9.5369955359E+02 4.1857068165E+02 5.3512887193E+02 9.3015707034E-01 0.0000000000E+00
4.5000000000E-02 9.5369943553E+02 4.1851054503E+02 5.3518889050E+02 9.3002343340E-01 0.0000000000E+00
4.6000000000E-02 9.5369928240E+02 4.1845973795E+02 5.3523954445E+02 9.2991052879E-01 0.0000000000E+00
4.7000000000E-02 9.5369904413E+02 4.1842322854E+02 5.3527581559E+02 9.2982939677E-01 0.0000000000E+00
4.8000000000E-02 9.5369858065E+02 4.1840392293E+02 5.3529465772E+02 9.2978649541E-01 0.0000000000E+00
4.9000000000E-02 9.5369769103E+02 4.1840155502E+02 5.3529613602E+02 9.2978123338E-01 0.0000000000E+00
5.0000000000E-02 9.5369686774E+02 4.1841256078E+02 5.3528430696E+02 9.2980569063E-01 0.0000000000E+00
5.1000000000E-02 9.5369609252E+02 4.1843191091E+02 5.3526418161E+02 9.2984869091E-01 0.0000000000E+00
5.2000000000E-02 9.5369543479E+02 4.1845535227E+02 5.3524008252E+02 9.2990078282E-01 0.0000000000E+00
5.3000000000E-02 9.5369481783E+02 4.1847989043E+02 5.3521492740E+02 9.2995531207E-01 0.0000000000E+00
5.4000000000E-02 9.5369436712E+02 4.1850403444E+02 5.3519033268E+02 9.3000896541E-01 0.0000000000E+00
5.5000000000E-02 9.5369382755E+02 4.1852738943E+02 5.3516643813E+02 9.3006086540E-01 0.0000000000E+00
5.6000000000E-02 9.5369346898E+02 4.1855001837E+02 5.3514345061E+02 9.3011115193E-01 0.0000000000E+00
5.7000000000E-02 9.5369302684E+02 4.1857227631E+02 5.3512075053E+02 9.3016061402E-01 0.0000000000E+00
5.8000000000E-02 9.5369258372E+02 4.1859430683E+02 5.3509827689E+02 9.3020957074E-01 0.0000000000E+00
5.9000000000E-02 9.5369217254E+02 4.1861611652E+02 5.3507605602E+02 9.3025803672E-01 0.0000000000E+00
6.0000000000E-02 9.5369178951E+02 4.1863767920E+02 5.3505411031E+02 9.3030595378E-01 0.0000000000E+00
6.1000000000E-02 9.5369136989E+02 4.1865875534E+02 5.3503261455E+02 9.3035278966E-01 0.0000000000E+00
6.2000000000E-02 9.5369100425E+02 4.1867930003E+02 5.3501170422E+02 9.3039844451E-01 0.0000000000E+00
6.3000000000E-02 9.5369067759E+02 4.1869947081E+02 5.3499120678E+02 9.3044326847E-01 0.0000000000E+00
6.4000000000E-02 9.5369032553E+02 4.1871922102E+02 5.3497110451E+02 9.3048715782E-01 0.0000000000E+00
6.5000000000E-02 9.5369003196E+02 4.1873858244E+02 5.3495144952E+02 9.3053018320E-01 0.0000000000E+00
6.6000000000E-02 9.5368971003E+02 4.1875793839E+02 5.3493177165E+02 9.3057319642E-01 0.0000000000E+00
6.7000000000E-02 9.5368953475E+02 4.1877786924E+02 5.3491166551E+02 9.3061748720E-01 0.0000000000E+00
6.8000000000E-02 9.5368927891E+02 4.1879859437E+02 5.3489068454E+02 9.3066354304E-01 0.0000000000E+00
6.9000000000E-02 9.5368908237E+02 4.1882013872E+02 5.3486894365E+02 9.3071141938E-01 0.0000000000E+00
7.0000000000E-02 9.5368895324E+02 4.1884254835E+02 5.3484640489E+02 9.3076121856E-01 0.0000000000E+00
7.1000000000E-02 9.5368890216E+02 4.1886561383E+02 5.3482328833E+02 9.3081247518E-01 0.0000000000E+00
7.2000000000E-02 9.5368875557E+02 4.1888904956E+02 5.3479970601E+02 9.3086455458E-01 0.0000000000E+00
7.3000000000E-02 9.5368848252E+02 4.1891282224E+02 5.3477566028E+02 9.3091738276E-01 0.0000000000E+00
7.4000000000E-02 9.5368825543E+02 4.1893691935E+02 5.3475133608E+02 9.3097093188E-01 0.0000000000E+00
7.5000000000E-02 9.5368800326E+02 4.1896116294E+02 5.3472684032E+02 9.3102480654E-01 0.0000000000E+00
7.6000000000E-02 9.5368786360E+02 4.1898536048E+02 5.3470250312E+02 9.3107857884E-01 0.0000000000E+00
7.7000000000E-02 9.5368774564E+02 4.1900928113E+02 5.3467846451E+02 9.3113173584E-01 0.0000000000E+00
7.8000000000E-02 9.5368764458E+02 4.1903278224E+02 5.3465486234E+02 9.3118396054E-01 0.0000000000E+00
7.9000000000E-02 9.5368761840E+02 4.1905573054E+02 5.3463188787E+02 9.3123495675E-01 0.0000000000E+00
8.0000000000E-02 9.5368758995E+02 4.1907798231E+02 5.3460960764E+02 9.3128440513E-01 0.0000000000E+00
8.1000000000E-02 9.5368765439E+02 4.1909967855E+02 5.3458797584E+02 9.3133261899E-01 0.0000000000E+00
8.2000000000E-02 9.5368779723E+02 4.1912092124E+02 5.3456687599E+02 9.3137982498E-01 0.0000000000E+00
8.3000000000E-02 9.5368783286E+02 4.1914182339E+02 5.3454600947E+02 9.3142627421E-01 0.0000000000E+00
8.4000000000E-02 9.5368798678E+02 4.1916225668E+02 5.3452573010E+02 9.3147168150E-01 0.0000000000E+00
8.5000000000E-02 9.5368815342E+02 4.1918219642E+02 5.3450595700E+02 9.3151599205E-01 0.0000000000E+00
8.6000000000E-02 9.5368831877E+02 4.1920182864E+02 5.3448649013E+02 9.3155961920E-01 0.0000000000E+00
8.7000000000E-02 9.5368854553E+02 4.1922127108E+02 5.3446727445E+02 9.3160282462E-01 0.0000000000E+00
8.8000000000E-02 9.5368881922E+02 4.1924066351E+02 5.3444815571E+02 9.3164591891E-01 0.0000000000E+00
8.9000000000E-02 9.5368902428E+02 4.1926007922E+02 5.3442894507E+02 9.3168906493E-01 0.0000000000E+00
9.0000000000E-02 9.5368901884E+02 4.1927964771E+02 5.3440937113E+02 9.3173255047E-01 0.0000000000E+00
9.1000000000E-02 9.5368905687E+02 4.1929939847E+02 5.3438965840E+02 9.3177644104E-01 0.0000000000E+00
9.2000000000E-02 9.5368906327E+02 4.1931917874E+02 5.3436988453E+02 9.3182039721E-01 0.0000000000E+00
9.3000000000E-02 9.5368905550E+02 4.1933874675E+02 5.3435030875E+02 9.3186388167E-01 0.0000000000E+00
9.4000000000E-02 9.5368891352E+02 4.1935800613E+02 5.3433090739E+02 9.3190668029E-01 0.0000000000E+00
9.5000000000E-02 9.5368886817E+02 4.1937679784E+02 5.3431207034E+02 9.3194843964E-01 0.0000000000E+00
9.6000000000E-02 9.5368881963E+02 4.1939499213E+02 5.3429382749E+02 9.3198887141E-01 0.0000000000E+00
9.7000000000E-02 9.5368873501E+02 4.1941242559E+02 5.3427630942E+02 9.3202761243E-01 0.0000000000E+00
9.8000000000E-02 9.5368857201E+02 4.1942879020E+02 5.3425978182E+02 9.3206397822E-01 0.0000000000E+00
9.9000000000E-02 9.5368848026E+02 4.1944382967E+02 5.3424465059E+02 9.3209739927E-01 0.0000000000E+00
1.0000000000E-01 9.5368828998E+02 4.1945743869E+02 5.3423085129E+02 9.3212764154E-01 0.0000000000E+00
1.0100000000E-01 9.5368807411E+02 4.1946951333E+02 5.3421856078E+02 9.3215447408E-01 0.0000000000E+00
1.0200000000E-01 9.5368787772E+02 4.1947987105E+02 5.3420800667E+02 9.3217749123E-01 0.0000000000E+00
1.0300000000E-01 9.5368763949E+02 4.1948869076E+02 5.3419894873E+02 9.3219709058E-01 0.0000000000E+00
1.0400000000E-01 9.5368742341E+02 4.1949606844E+02 5.3419135497E+02 9.3221348542E-01 0.0000000000E+00
1.0500000000E-01 9.5368715057E+02 4.1950190476E+02 5.3418524581E+02 9.3222645502E-01 0.0000000000E+00
1.0600000000E-01 9.5368672560E+02 4.1950626326E+02 5.3418046234E+02 9.3223614058E-01 0.0000000000E+00
1.0700000000E-01 9.5368631030E+02 4.1950887592E+02 5.3417743438E+02 9.3224194650E-01 0.0000000000E+00
1.0800000000E-01 9.5368592772E+02 4.1950975981E+02 5.3417616791E+02 9.3224391070E-01 0.0000000000E+00
1.0900000000E-01 9.5368562214E+02 4.1950918453E+02 5.3417643761E+02 9.3224263229E-01 0.0000000000E+00
1.1000000000E-01 9.5368546648E+02 4.1950705216E+02 5.3417841431E+02 9.3223789370E-01 0.0000000000E+00
1.1100000000E-01 9.5368518694E+02 4.1950333501E+02 5.3418185193E+02 9.3222963335E-01 0.0000000000E+00
1.1200000000E-01 9.5368501162E+02 4.1949805350E+02 5.3418695812E+02 9.3221789668E-01 0.0000000000E+00
1.1300000000E-01 9.5368488028E+02 4.1949111840E+02 5.3419376188E+02 9.3220248534E-01 0.0000000000E+00
1.1400000000E-01 9.5368472198E+02 4.1948258006E+02 5.3420214192E+02 9.3218351125E-01 0.0000000000E+00
1.1500000000E-01 9.5368446716E+02 4.1947250104E+02 5.3421196612E+02 9.3216111342E-01 0.0000000000E+00
1.1600000000E-01 9.5368419676E+02 4.1946070924E+02 5.3422348752E+02 9.3213490943E-01 0.0000000000E+00
1.1700000000E-01 9.5368382832E+02 4.1944702357E+02 5.3423680475E+02 9.3210449682E-01 0.0000000000E+00
1.1800000000E-01 9.5368343824E+02 4.1943137826E+02 5.3425205999E+02 9.3206972946E-01 0.0000000000E+00
1.1900000000E-01 9.5368308806E+02 4.1941374618E+02 5.3426934188E+02 9.3203054708E-01 0.0000000000E+00
1.2000000000E-01 9.5368277964E+02 4.1939424441E+02 5.3428853523E+02 9.3198720980E-01 0.0000000000E+00
1.2100000000E-01 9.5368250117E+02 4.1937274058E+02 5.3430976060E+02 9.3193942351E-01 0.0000000000E+00
1.2200000000E-01 9.5368208704E+02 4.1934917654E+02 5.3433291050E+02 9.3188705898E-01 0.0000000000E+00
1.2300000000E-01 9.5368171022E+02 4.1932378405E+02 5.3435792616E+02 9.3183063123E-01 0.0000000000E+00
1.2400000000E-01 9.5368121260E+02 4.1929683258E+02 5.3438438003E+02 9.3177073906E-01 0.0000000000E+00
1.2500000000E-01 9.5368084121E+02 4.1926829603E+02 5.3441254518E+02 9.3170732451E-01 0.0000000000E+00
1.2600000000E-01 9.5368044521E+02 4.1923824927E+02 5.3444219594E+02 9.3164055394E-01 0.0000000000E+00
1.2700000000E-01 9.5368011492E+02 4.1920714404E+02 5.3447297087E+02 9.3157143120E-01 0.0000000000E+00
1.2800000000E-01 9.5367969638E+02 4.1917538326E+02 5.3450431312E+02 9.3150085170E-01 0.0000000000E+00
1.2900000000E-01 9.5367929255E+02 4.1914382570E+02 5.3453546685E+02 9.3143072377E-01 0.0000000000E+00
1.3000000000E-01 9.5367880792E+02 4.1911372243E+02 5.3456508549E+02 9.3136382762E-01 0.0000000000E+00
1.3100000000E-01 9.5367844371E+02 4.1908659531E+02 5.3459184840E+02 9.3130354513E-01 0.0000000000E+00
1.3200000000E-01 9.5367795529E+02 4.1906420879E+02 5.3461374651E+02 9.3125379730E-01 0.0000000000E+00
1.3300000000E-01 9.5367747646E+02 4.1904759358E+02 5.3462988288E+02 9.3121687463E-01 0.0000000000E+00
1.3400000000E-01 9.5367696494E+02 4.1903705404E+02 5.3463991090E+02 9.3119345342E-01 0.0000000000E+00
1.3500000000E-01 9.5367633267E+02 4.1903220620E+02 5.3464412647E+02 9.3118268045E-01 0.0000000000E+00
1.3600000000E-01 9.5367585826E+02 4.1903175559E+02 5.3464410266E+02 9.3118167910E-01 0.0000000000E+00
1.3700000000E-01 9.5367528851E+02 4.1903403659E+02 5.3464125192E+02 9.3118674797E-01 0.0000000000E+00
1.3800000000E-01 9.5367475878E+02 4.1903725022E+02 5.3463750856E+02 9.3119388939E-01 0.0000000000E+00
1.3900000000E-01 9.5367447674E+02 4.1903987186E+02 5.3463460487E+02 9.3119971525E-01 0.0000000000E+00
1.4000000000E-01 9.5367427239E+02 4.1904096854E+02 5.3463330385E+02 9.3120215230E-01 0.0000000000E+00
1.4100000000E-01 9.5367408449E+02 4.1903983861E+02 5.3463424587E+02 9.3119964137E-01 0.0000000000E+00
1.4200000000E-01 9.5367399496E+02 4.1903598495E+02 5.3463801000E+02 9.3119107768E-01 0.0000000000E+00
1.4300000000E-01 9.5367400987E+02 4.1902952216E+02 5.3464448771E+02 9.3117671591E-01 0.0000000000E+00
1.4400000000E-01 9.5367392782E+02 4.1902088175E+02 5.3465304607E+02 9.3115751499E-01 0.0000000000E+00
1.4500000000E-01 9.5367396895E+02 4.1901066740E+02 5.3466330155E+02 9.3113481645E-01 0.0000000000E+00
1.4600000000E-01 9.5367422163E+02 4.1899959733E+02 5.3467462430E+02 9.3111021629E-01 0.0000000000E+00
1.4700000000E-01 9.5367433282E+02 4.1898857622E+02 5.3468575659E+02 9.3108572494E-01 0.0000000000E+00
1.4800000000E-01 9.5367442564E+02 4.1897877026E+02 5.3469565538E+02 9.3106393391E-01 0.0000000000E+00
1.4900000000E-01 9.5367467419E+02 4.1897134070E+02 5.3470333349E+02 9.3104742378E-01 0.0000000000E+00
1.5000000000E-01 9.5367479559E+02 4.1896727913E+02 5.3470751647E+02 9.3103839806E-01 0.0000000000E+00
1.5100000000E-01 9.5367488168E+02 4.1896733818E+02 5.3470754350E+02 9.3103852929E-01 0.0000000000E+00
1.5200000000E-01 9.5367493808E+02 4.1897161275E+02 5.3470332533E+02 9.3104802832E-01 0.0000000000E+00
1.5300000000E-01 9.5367490133E+02 4.1897978574E+02 5.3469511558E+02 9.3106619054E-01 0.0000000000E+00
1.5400000000E-01 9.5367489618E+02 4.1899165590E+02 5.3468324029E+02 9.3109256866E-01 0.0000000000E+00
1.5500000000E-01 9.5367486918E+02 4.1900662326E+02 5.3466824591E+02 9.3112582948E-01 0.0000000000E+00
1.5600000000E-01 9.5367487134E+02 4.1902378024E+02 5.3465109109E+02 9.3116395610E-01 0.0000000000E+00
1.5700000000E-01 9.5367484532E+02 4.1904232096E+02 5.3463252436E+02 9.3120515769E-01 0.0000000000E+00
1.5800000000E-01 9.5367485932E+02 4.1906165352E+02 5.3461320580E+02 9.3124811893E-01 0.0000000000E+00
1.5900000000E-01 9.5367475796E+02 4.1908126208E+02 5.3459349588E+02 9.3129169352E-01 0.0000000000E+00
1.6000000000E-01 9.5367457174E+02 4.1910083294E+02 5.3457373881E+02 9.3133518430E-01 0.0000000000E+00
1.6100000000E-01 9.5367448252E+02 4.1912026367E+02 5.3455421885E+02 9.3137836371E-01 0.0000000000E+00
1.6200000000E-01 9.5367436579E+02 4.1913936606E+02 5.3453499973E+02 9.3142081347E-01 0.0000000000E+00
1.6300000000E-01 9.5367424626E+02 4.1915814747E+02 5.3451609879E+02 9.3146254994E-01 0.0000000000E+00
1.6400000000E-01 9.5367403133E+02 4.1917660928E+02 5.3449742206E+02 9.3150357617E-01 0.0000000000E+00
1.6500000000E-01 9.5367382091E+02 4.1919465027E+02 5.3447917064E+02 9.3154366726E-01 0.0000000000E+00
1.6600000000E-01 9.5367366876E+02 4.1921211033E+02 5.3446155843E+02 9.3158246741E-01 0.0000000000E+00
1.6700000000E-01 9.5367338101E+02 4.1922874978E+02 5.3444463123E+02 9.3161944396E-01 0.0000000000E+00
1.6800000000E-01 9.5367318688E+02 4.1924436850E+02 5.3442881838E+02 9.3165415222E-01 0.0000000000E+00
1.6900000000E-01 9.5367307908E+02 4.1925872581E+02 5.3441435328E+02 9.3168605734E-01 0.0000000000E+00
1.7000000000E-01 9.5367286804E+02 4.1927166208E+02 5.3440120596E+02 9.3171480463E-01 0.0000000000E+00
1.7100000000E-01 9.5367275141E+02 4.1928313646E+02 5.3438961495E+02 9.3174030325E-01 0.0000000000E+00
1.7200000000E-01 9.5367263426E+02 4.1929293575E+02 5.3437969851E+02 9.3176207943E-01 0.0000000000E+00
1.7300000000E-01 9.5367256472E+02 4.1930095914E+02 5.3437160559E+02 9.3177990919E-01 0.0000000000E+00
1.7400000000E-01 9.5367263862E+02 4.1930714599E+02 5.3436549263E+02 9.3179365775E-01 0.0000000000E+00
1.7500000000E-01 9.5367272003E+02 4.1931136259E+02 5.3436135744E+02 9.3180302797E-01 0.0000000000E+00
1.7600000000E-01 9.5367273863E+02 4.1931379315E+02 5.3435894548E+02 9.3180842922E-01 0.0000000000E+00
1.7700000000E-01 9.5367272105E+02 4.1931438396E+02 5.3435833709E+02 9.3180974213E-01 0.0000000000E+00
1.7800000000E-01 9.5367276623E+02 4.1931312403E+02 5.3435964220E+02 9.3180694228E-01 0.0000000000E+00
1.7900000000E-01 9.5367284192E+02 4.1931043366E+02 5.3436240826E+02 9.3180096369E-01 0.0000000000E+00
1.8000000000E-01 9.5367299904E+02 4.1930623437E+02 5.3436676467E+02 9.3179163193E-01 0.0000000000E+00
1.8100000000E-01 9.5367309608E+02 4.1930039866E+02 5.3437269742E+02 9.3177866369E-01 0.0000000000E+00
1.8200000000E-01 9.5367318404E+02 4.1929305502E+02 5.3438012902E+02 9.3176234448E-01 0.0000000000E+00
1.8300000000E-01 9.5367332527E+02 4.1928396286E+02 5.3438936241E+02 9.3174213968E-01 0.0000000000E+00
1.8400000000E-01 9.5367349690E+02 4.1927273986E+02 5.3440075704E+02 9.3171719969E-01 0.0000000000E+00
1.8500000000E-01 9.5367369456E+02 4.1925885407E+02 5.3441484049E+02 9.3168634237E-01 0.0000000000E+00
1.8600000000E-01 9.5367387907E+02 4.1924153329E+02 5.3443234578E+02 9.3164785176E-01 0.0000000000E+00
1.8700000000E-01 9.5367410555E+02 4.1922028025E+02 5.3445382531E+02 9.3160062277E-01 0.0000000000E+00
1.8800000000E-01 9.5367439274E+02 4.1919502274E+02 5.3447936999E+02 9.3154449498E-01 0.0000000000E+00
1.8900000000E-01 9.5367484319E+02 4.1916618772E+02 5.3450865547E+02 9.3148041715E-01 0.0000000000E+00
1.9000000000E-01 9.5367544732E+02 4.1913496309E+02 5.3454048424E+02 9.3141102908E-01 0.0000000000E+00
1.9100000000E-01 9.5367607546E+02 4.1910385563E+02 5.3457221984E+02 9.3134190139E-01 0.0000000000E+00
1.9200000000E-01 9.5367687883E+02 4.1907710296E+02 5.3459977587E+02 9.3128245101E-01 0.0000000000E+00
1.9300000000E-01 9.5367785892E+02 4.1906024093E+02 5.3461761798E+02 9.3124497985E-01 0.0000000000E+00
1.9400000000E-01 9.5367861872E+02 4.1905878803E+02 5.3461983068E+02 9.3124175119E-01 0.0000000000E+00
1.9500000000E-01 9.5367901055E+02 4.1907584278E+02 5.3460316778E+02 9.3127965061E-01 0.0000000000E+00
1.9600000000E-01 9.5367901912E+02 4.1911005731E+02 5.3456896181E+02 9.3135568291E-01 0.0000000000E+00
1.9700000000E-01 9.5367876999E+02 4.1915644157E+02 5.3452232842E+02 9.3145875903E-01 0.0000000000E+00
1.9800000000E-01 9.5367863366E+02 4.1920870862E+02 5.3446992504E+02 9.3157490804E-01 0.0000000000E+00
1.9900000000E-01 9.5367848892E+02 4.1926147676E+02 5.3441701216E+02 9.3169217058E-01 0.0000000000E+00
2.0000000000E-01 9.5367855334E+02 4.1931143516E+02 5.3436711819E+02 9.3180318923E-01 0.0000000000E+00
2.0100000000E-01 9.5367859930E+02 4.1935667286E+02 5.3432192644E+02 9.3190371747E-01 0.0000000000E+00
2.0200000000E-01 9.5367879020E+02 4.1939635948E+02 5.3428243072E+02 9.3199190996E-01 0.0000000000E+00
2.0300000000E-01 9.5367892848E+02 4.1943052451E+02 5.3424840397E+02 9.3206783225E-01 0.0000000000E+00
2.0400000000E-01 9.5367909840E+02 4.1945938461E+02 5.3421971379E+02 9.3213196580E-01 0.0000000000E+00
2.0500000000E-01 9.5367925884E+02 4.1948345359E+02 5.3419580525E+02 9.3218545242E-01 0.0000000000E+00
2.0600000000E-01 9.5367942476E+02 4.1950351238E+02 5.3417591238E+02 9.3223002750E-01 0.0000000000E+00
2.0700000000E-01 9.5367969382E+02 4.1951994865E+02 5.3415974517E+02 9.3226655256E-01 0.0000000000E+00
2.0800000000E-01 9.5367998381E+02 4.1953310502E+02 5.3414687878E+02 9.3229578894E-01 0.0000000000E+00
2.0900000000E-01 9.5368035308E+02 4.1954354071E+02 5.3413681237E+02 9.3231897935E-01 0.0000000000E+00
2.1000000000E-01 9.5368072866E+02 4.1955172329E+02 5.3412900537E+02 9.3233716287E-01 0.0000000000E+00
2.1100000000E-01 9.5368094665E+02 4.1955802376E+02 5.3412292289E+02 9.3235116390E-01 0.0000000000E+00
2.1200000000E-01 9.5368124349E+02 4.1956264274E+02 5.3411860075E+02 9.3236142832E-01 0.0000000000E+00
2.1300000000E-01 9.5368134889E+02 4.1956586827E+02 5.3411548063E+02 9.3236859615E-01 0.0000000000E+00
2.1400000000E-01 9.5368155860E+02 4.1956817215E+02 5.3411338644E+02 9.3237371590E-01 0.0000000000E+00
2.1500000000E-01 9.5368176032E+02 4.1956960016E+02 5.3411216016E+02 9.3237688925E-01 0.0000000000E+00
2.1600000000E-01 9.5368214170E+02 4.1957012337E+02 5.3411201833E+02 9.3237805194E-01 0.0000000000E+00
2.1700000000E-01 9.5368243629E+02 4.1957001360E+02 5.3411242269E+02 9.3237780799E-01 0.0000000000E+00
2.1800000000E-01 9.5368281586E+02 4.1956926439E+02 5.3411355147E+02 9.3237614309E-01 0.0000000000E+00
2.1900000000E-01 9.5368328816E+02 4.1956812529E+02 5.3411516287E+02 9.3237361175E-01 0.0000000000E+00
2.2000000000E-01 9.5368389593E+02 4.1956689860E+02 5.3411699733E+02 9.3237088578E-01 0.0000000000E+00
2.2100000000E-01 9.5368463582E+02 4.1956571455E+02 5.3411892126E+02 9.3236825456E-01 0.0000000000E+00
2.2200000000E-01 9.5368540294E+02 4.1956474947E+02 5.3412065347E+02 9.3236610993E-01 0.0000000000E+00
2.2300000000E-01 9.5368621242E+02 4.1956412639E+02 5.3412208603E+02 9.3236472532E-01 0.0000000000E+00
2.2400000000E-01 9.5368701929E+02 4.1956422800E+02 5.3412279128E+02 9.3236495112E-01 0.0000000000E+00
2.2500000000E-01 9.5368772849E+02 4.1956553422E+02 5.3412219427E+02 9.3236785382E-01 0.0000000000E+00
2.2600000000E-01 9.5368847734E+02 4.1956845336E+02 5.3412002398E+02 9.3237434080E-01 0.0000000000E+00
2.2700000000E-01 9.5368922223E+02 4.1957336700E+02 5.3411585523E+02 9.3238525999E-01 0.0000000000E+00
2.2800000000E-01 9.5368992784E+02 4.1958068582E+02 5.3410924201E+02 9.3240152405E-01 0.0000000000E+00
2.2900000000E-01 9.5369078030E+02 4.1959074869E+02 5.3410003162E+02 9.3242388597E-01 0.0000000000E+00
2.3000000000E-01 9.5369171125E+02 4.1960367060E+02 5.3408804065E+02 9.3245260132E-01 0.0000000000E+00
2.3100000000E-01 9.5369271381E+02 4.1961949281E+02 5.3407322099E+02 9.3248776180E-01 0.0000000000E+00
2.3200000000E-01 9.5369368936E+02 4.1963808267E+02 5.3405560669E+02 9.3252907260E-01 0.0000000000E+00
2.3300000000E-01 9.5369483232E+02 4.1965956663E+02 5.3403526569E+02 9.3257681473E-01 0.0000000000E+00
2.3400000000E-01 9.5369604280E+02 4.1968404906E+02 5.3401199373E+02 9.3263122014E-01 0.0000000000E+00
2.3500000000E-01 9.5369738769E+02 4.1971117742E+02 5.3398621026E+02 9.3269150539E-01 0.0000000000E+00
2.3600000000E-01 9.5369878332E+02 4.1974080454E+02 5.3395797878E+02 9.3275734341E-01 0.0000000000E+00
2.3700000000E-01 9.5370014673E+02 4.1977293517E+02 5.3392721155E+02 9.3282874483E-01 0.0000000000E+00
2.3800000000E-01 9.5370153269E+02 4.1980761618E+02 5.3389391651E+02 9.3290581372E-01 0.0000000000E+00
2.3900000000E-01 9.5370287735E+02 4.1984463079E+02 5.3385824656E+02 9.3298806842E-01 0.0000000000E+00
2.4000000000E-01 9.5370419209E+02 4.1988383534E+02 5.3382035675E+02 9.3307518965E-01 0.0000000000E+00
2.4100000000E-01 9.5370561940E+02 4.1992518160E+02 5.3378043780E+02 9.3316707022E-01 0.0000000000E+00
2.4200000000E-01 9.5370705945E+02 4.1996861223E+02 5.3373844722E+02 9.3326358273E-01 0.0000000000E+00
2.4300000000E-01 9.5370842604E+02 4.2001398595E+02 5.3369444009E+02 9.3336441322E-01 0.0000000000E+00
2.4400000000E-01 9.5370988080E+02 4.2006082262E+02 5.3364905818E+02 9.3346849471E-01 0.0000000000E+00
2.4500000000E-01 9.5371132366E+02 4.2010873665E+02 5.3360258701E+02 9.3357497034E-01 0.0000000000E+00
2.4600000000E-01 9.5371273769E+02 4.2015730246E+02 5.3355543523E+02 9.3368289436E-01 0.0000000000E+00
2.4700000000E-01 9.5371398176E+02 4.2020599946E+02 5.3350798230E+02 9.3379110991E-01 0.0000000000E+00
2.4800000000E-01 9.5371534132E+02 4.2025433234E+02 5.3346100898E+02 9.3389851631E-01 0.0000000000E+00
2.4900000000E-01 9.5371678573E+02 4.2030172610E+02 5.3341505963E+02 9.3400383577E-01 0.0000000000E+00
2.5000000000E-01 9.5371817199E+02 4.2034778607E+02 5.3337038592E+02 9.3410619126E-01 0.0000000000E+00
2.5100000000E-01 9.5371975701E+02 4.2039218225E+02 5.3332757476E+02 9.3420484944E-01 0.0000000000E+00
2.5200000000E-01 9.5372131290E+02 4.2043455178E+02 5.3328676112E+02 9.3429900395E-01 0.0000000000E+00
2.5300000000E-01 9.5372289994E+02 4.2047481511E+02 5.3324808484E+02 9.3438847802E-01 0.0000000000E+00
2.5400000000E-01 9.5372449838E+02 4.2051307468E+02 5.3321142371E+02 9.3447349929E-01 0.0000000000E+00
2.5500000000E-01 9.5372610569E+02 4.2054949404E+02 5.3317661166E+02 9.3455443120E-01 0.0000000000E+00
2.5600000000E-01 9.5372768707E+02 4.2058408500E+02 5.3314360206E+02 9.3463130001E-01 0.0000000000E+00
2.5700000000E-01 9.5372908270E+02 4.2061662430E+02 5.3311245840E+02 9.3470360955E-01 0.0000000000E+00
2.5800000000E-01 9.5373057796E+02 4.2064715743E+02 5.3308342053E+02 9.3477146095E-01 0.0000000000E+00
2.5900000000E-01 9.5373213256E+02 4.2067591387E+02 5.3305621869E+02 9.3483536416E-01 0.0000000000E+00
2.6000000000E-01 9.5373380035E+02 4.2070297183E+02 5.3303082852E+02 9.3489549296E-01 0.0000000000E+00
2.6100000000E-01 9.5373552042E+02 4.2072848741E+02 5.3300703301E+02 9.3495219424E-01 0.0000000000E+00
2.6200000000E-01 9.5373723551E+02 4.2075268822E+02 5.3298454729E+02 9.3500597382E-01 0.0000000000E+00
2.6300000000E-01 9.5373883720E+02 4.2077569918E+02 5.3296313803E+02 9.3505710928E-01 0.0000000000E+00
2.6400000000E-01 9.5374047129E+02 4.2079769302E+02 5.3294277827E+02 9.3510598449E-01 0.0000000000E+00
2.6500000000E-01 9.5374226142E+02 4.2081875937E+02 5.3292350205E+02 9.3515279861E-01 0.0000000000E+00
2.6600000000E-01 9.5374399121E+02 4.2083898511E+02 5.3290500610E+02 9.3519774469E-01 0.0000000000E+00
2.6700000000E-01 9.5374581115E+02 4.2085870825E+02 5.3288710291E+02 9.3524157389E-01 0.0000000000E+00
2.6800000000E-01 9.5374749490E+02 4.2087821965E+02 5.3286927525E+02 9.3528493255E-01 0.0000000000E+00
2.6900000000E-01 9.5374913949E+02 4.2089756039E+02 5.3285157909E+02 9.3532791199E-01 0.0000000000E+00
2.7000000000E-01 9.5375082865E+02 4.2091674873E+02 5.3283407993E+02 9.3537055273E-01 0.0000000000E+00
2.7100000000E-01 9.5375254668E+02 4.2093585462E+02 5.3281669207E+02 9.3541301026E-01 0.0000000000E+00
2.7200000000E-01 9.5375424078E+02 4.2095490601E+02 5.3279933477E+02 9.3545534669E-01 0.0000000000E+00
2.7300000000E-01 9.5375598283E+02 4.2097410662E+02 5.3278187621E+02 9.3549801471E-01 0.0000000000E+00
2.7400000000E-01 9.5375764021E+02 4.2099361855E+02 5.3276402166E+02 9.3554137455E-01 0.0000000000E+00
2.7500000000E-01 9.5375913938E+02 4.2101343875E+02 5.3274570063E+02 9.3558541945E-01 0.0000000000E+00
2.7600000000E-01 9.5376070436E+02 4.2103362453E+02 5.3272707983E+02 9.3563027673E-01 0.0000000000E+00
2.7700000000E-01 9.5376226340E+02 4.2105425674E+02 5.3270800666E+02 9.3567612609E-01 0.0000000000E+00
2.7800000000E-01 9.5376370317E+02 4.2107535438E+02 5.3268834878E+02 9.3572300974E-01 0.0000000000E+00
2.7900000000E-01 9.5376514330E+02 4.2109693174E+02 5.3266821156E+02 9.3577095943E-01 0.0000000000E+00
2.8000000000E-01 9.5376660620E+02 4.2111902768E+02 5.3264757852E+02 9.3582006152E-01 0.0000000000E+00
2.8100000000E-01 9.5376815748E+02 4.2114166293E+02 5.3262649454E+02 9.3587036208E-01 0.0000000000E+00
2.8200000000E-01 9.5376967053E+02 4.2116483686E+02 5.3260483367E+02 9.3592185968E-01 0.0000000000E+00
2.8300000000E-01 9.5377123691E+02 4.2118843036E+02 5.3258280655E+02 9.3597428968E-01 0.0000000000E+00
2.8400000000E-01 9.5377272220E+02 4.2121233660E+02 5.3256038560E+02 9.3602741467E-01 0.0000000000E+00
2.8500000000E-01 9.5377417228E+02 4.2123642132E+02 5.3253775096E+02 9.3608093626E-01 0.0000000000E+00
2.8600000000E-01 9.5377550739E+02 4.2126050707E+02 5.3251500032E+02 9.3613446016E-01 0.0000000000E+00
2.8700000000E-01 9.5377675658E+02 4.2128441081E+02 5.3249234577E+02 9.3618757957E-01 0.0000000000E+00
2.8800000000E-01 9.5377796028E+02 4.2130806912E+02 5.3246989116E+02 9.3624015360E-01 0.0000000000E+00
2.8900000000E-01 9.5377914806E+02 4.2133142233E+02 5.3244772573E+02 9.3629204963E-01 0.0000000000E+00
2.9000000000E-01 9.5378040503E+02 4.2135425731E+02 5.3242614772E+02 9.3634279402E-01 0.0000000000E+00
2.9100000000E-01 9.5378154685E+02 4.2137633409E+02 5.3240521276E+02 9.3639185354E-01 0.0000000000E+00
2.9200000000E-01 9.5378266806E+02 4.2139749661E+02 5.3238517146E+02 9.3643888135E-01 0.0000000000E+00
2.9300000000E-01 9.5378375098E+02 4.2141782368E+02 5.3236592730E+02 9.3648405263E-01 0.0000000000E+00
2.9400000000E-01 9.5378491445E+02 4.2143736926E+02 5.3234754520E+02 9.3652748724E-01 0.0000000000E+00
2.9500000000E-01 9.5378601254E+02 4.2145613280E+02 5.3232987974E+02 9.3656918399E-01 0.0000000000E+00
2.9600000000E-01 9.5378715507E+02 4.2147398552E+02 5.3231316955E+02 9.3660885672E-01 0.0000000000E+00
2.9700000000E-01 9.5378821655E+02 4.2149099255E+02 5.3229722400E+02 9.3664665010E-01 0.0000000000E+00
2.9800000000E-01 9.5378933262E+02 4.2150741885E+02 5.3228191377E+02 9.3668315301E-01 0.0000000000E+00
2.9900000000E-01 9.5379044840E+02 4.2152332551E+02 5.3226712289E+02 9.3671850113E-01 0.0000000000E+00
3.0000000000E-01 9.5379182457E+02 4.2153871143E+02 5.3225311315E+02 9.3675269206E-01 0.0000000000E+00
3.0100000000E-01 9.5379310125E+02 4.2155377175E+02 5.3223932950E+02 9.3678615945E-01 0.0000000000E+00
3.0200000000E-01 9.5379437516E+02 4.2156853077E+02 5.3222584440E+02 9.3681895726E-01 0.0000000000E+00
3.0300000000E-01 9.5379574180E+02 4.2158282532E+02 5.3221291647E+02 9.3685072294E-01 0.0000000000E+00
3.0400000000E-01 9.5379705831E+02 4.2159683910E+02 5.3220021921E+02 9.3688186466E-01 0.0000000000E+00
3.0500000000E-01 9.5379829869E+02 4.2161060998E+02 5.3218768872E+02 9.3691246661E-01 0.0000000000E+00
3.0600000000E-01 9.5379947561E+02 4.2162399416E+02 5.3217548145E+02 9.3694220924E-01 0.0000000000E+00
3.0700000000E-01 9.5380055283E+02 4.2163685598E+02 5.3216369685E+02 9.3697079107E-01 0.0000000000E+00
3.0800000000E-01 9.5380177410E+02 4.2164901257E+02 5.3215276153E+02 9.3699780571E-01 0.0000000000E+00
3.0900000000E-01 9.5380298470E+02 4.2166050598E+02 5.3214247872E+02 9.3702334662E-01 0.0000000000E+00
3.1000000000E-01 9.5380404464E+02 4.2167146497E+02 5.3213257966E+02 9.3704769994E-01 0.0000000000E+00
3.1100000000E-01 9.5380526229E+02 4.2168186005E+02 5.3212340223E+02 9.3707080011E-01 0.0000000000E+00
3.1200000000E-01 9.5380635492E+02 4.2169158463E+02 5.3211477029E+02 9.3709241028E-01 0.0000000000E+00
3.1300000000E-01 9.5380743479E+02 4.2170047433E+02 5.3210696047E+02 9.3711216517E-01 0.0000000000E+00
3.1400000000E-01 9.5380877038E+02 4.2170839336E+02 5.3210037702E+02 9.3712976301E-01 0.0000000000E+00
3.1500000000E-01 9.5380999422E+02 4.2171524577E+02 5.3209474845E+02 9.3714499059E-01 0.0000000000E+00
3.1600000000E-01 9.5381130060E+02 4.2172094317E+02 5.3209035742E+02 9.3715765150E-01 0.0000000000E+00
3.1700000000E-01 9.5381250238E+02 4.2172541916E+02 5.3208708322E+02 9.3716759812E-01 0.0000000000E+00
3.1800000000E-01 9.5381377029E+02 4.2172861212E+02 5.3208515817E+02 9.3717469359E-01 0.0000000000E+00
3.1900000000E-01 9.5381497876E+02 4.2173043830E+02 5.3208454046E+02 9.3717875177E-01 0.0000000000E+00
3.2000000000E-01 9.5381606683E+02 4.2173084621E+02 5.3208522062E+02 9.3717965826E-01 0.0000000000E+00
3.2100000000E-01 9.5381723429E+02 4.2172980582E+02 5.3208742847E+02 9.3717734627E-01 0.0000000000E+00
3.2200000000E-01 9.5381817928E+02 4.2172728495E+02 5.3209089433E+02 9.3717174433E-01 0.0000000000E+00
3.2300000000E-01 9.5381905096E+02 4.2172329021E+02 5.3209576076E+02 9.3716286712E-01 0.0000000000E+00
3.2400000000E-01 9.5382003142E+02 4.2171769529E+02 5.3210233613E+02 9.3715043398E-01 0.0000000000E+00
3.2500000000E-01 9.5382098264E+02 4.2171038011E+02 5.3211060253E+02 9.3713417802E-01 0.0000000000E+00
3.2600000000E-01 9.5382188565E+02 4.2170143177E+02 5.3212045388E+02 9.3711429282E-01 0.0000000000E+00
3.2700000000E-01 9.5382285507E+02 4.2169094468E+02 5.3213191040E+02 9.3709098817E-01 0.0000000000E+00
3.2800000000E-01 9.5382364849E+02 4.2167885376E+02 5.3214479473E+02 9.3706411947E-01 0.0000000000E+00
3.2900000000E-01 9.5382445024E+02 4.2166502391E+02 5.3215942634E+02 9.3703338646E-01 0.0000000000E+00
3.3000000000E-01 9.5382518125E+02 4.2164942831E+02 5.3217575294E+02 9.3699872957E-01 0.0000000000E+00
3.3100000000E-01 9.5382592698E+02 4.2163194327E+02 5.3219398371E+02 9.3695987394E-01 0.0000000000E+00
3.3200000000E-01 9.5382686678E+02 4.2161265486E+02 5.3221421192E+02 9.3691701080E-01 0.0000000000E+00
3.3300000000E-01 9.5382782607E+02 4.2159171544E+02 5.3223611063E+02 9.3687047875E-01 0.0000000000E+00
3.3400000000E-01 9.5382879941E+02 4.2156902614E+02 5.3225977327E+02 9.3682005810E-01 0.0000000000E+00
3.3500000000E-01 9.5382978684E+02 4.2154466104E+02 5.3228512580E+02 9.3676591341E-01 0.0000000000E+00
3.3600000000E-01 9.5383066857E+02 4.2151858464E+02 5.3231208393E+02 9.3670796587E-01 0.0000000000E+00
3.3700000000E-01 9.5383151236E+02 4.2149078554E+02 5.3234072682E+02 9.3664619009E-01 0.0000000000E+00
3.3800000000E-01 9.5383248557E+02 4.2146143262E+02 5.3237105295E+02 9.3658096137E-01 0.0000000000E+00
3.3900000000E-01 9.5383351692E+02 4.2143062404E+02 5.3240289288E+02 9.3651249786E-01 0.0000000000E+00
3.4000000000E-01 9.5383459984E+02 4.2139834074E+02 5.3243625909E+02 9.3644075721E-01 0.0000000000E+00
3.4100000000E-01 9.5383556452E+02 4.2136483071E+02 5.3247073380E+02 9.3636629048E-01 0.0000000000E+00
3.4200000000E-01 9.5383664599E+02 4.2133042175E+02 5.3250622424E+02 9.3628982612E-01 0.0000000000E+00
3.4300000000E-01 9.5383764550E+02 4.2129519372E+02 5.3254245178E+02 9.3621154160E-01 0.0000000000E+00
3.4400000000E-01 9.5383879690E+02 4.2125939862E+02 5.3257939828E+02 9.3613199693E-01 0.0000000000E+00
3.4500000000E-01 9.5383983274E+02 4.2122375356E+02 5.3261607918E+02 9.3605278568E-01 0.0000000000E+00
3.4600000000E-01 9.5384083152E+02 4.2118909444E+02 5.3265173708E+02 9.3597576542E-01 0.0000000000E+00
3.4700000000E-01 9.5384189164E+02 4.2115602214E+02 5.3268586951E+02 9.3590227142E-01 0.0000000000E+00
3.4800000000E-01 9.5384284008E+02 4.2112525620E+02 5.3271758389E+02 9.3583390266E-01 0.0000000000E+00
3.4900000000E-01 9.5384378266E+02 4.2109782114E+02 5.3274596153E+02 9.3577293586E-01 0.0000000000E+00
3.5000000000E-01 9.5384476070E+02 4.2107454051E+02 5.3277022019E+02 9.3572120114E-01 0.0000000000E+00
3.5100000000E-01 9.5384560239E+02 4.2105610640E+02 5.3278949599E+02 9.3568023645E-01 0.0000000000E+00
3.5200000000E-01 9.5384649254E+02 4.2104312406E+02 5.3280336848E+02 9.3565138679E-01 0.0000000000E+00
3.5300000000E-01 9.5384721637E+02 4.2103574019E+02 5.3281147618E+02 9.3563497819E-01 0.0000000000E+00
3.5400000000E-01 9.5384811147E+02 4.2103347966E+02 5.3281463181E+02 9.3562995480E-01 0.0000000000E+00
3.5500000000E-01 9.5384885750E+02 4.2103562117E+02 5.3281323633E+02 9.3563471371E-01 0.0000000000E+00
3.5600000000E-01 9.5384962569E+02 4.2104140075E+02 5.3280822494E+02 9.3564755722E-01 0.0000000000E+00
3.5700000000E-01 9.5385041694E+02 4.2104976486E+02 5.3280065208E+02 9.3566614413E-01 0.0000000000E+00
3.5800000000E-01 9.5385125934E+02 4.2105965651E+02 5.3279160283E+02 9.3568812558E-01 0.0000000000E+00
3.5900000000E-01 9.5385194733E+02 4.2107025487E+02 5.3278169246E+02 9.3571167748E-01 0.0000000000E+00
3.6000000000E-01 9.5385256716E+02 4.2108100553E+02 5.3277156163E+02 9.3573556784E-01 0.0000000000E+00
3.6100000000E-01 9.5385326714E+02 4.2109107931E+02 5.3276218783E+02 9.3575795403E-01 0.0000000000E+00
3.6200000000E-01 9.5385395490E+02 4.2109978626E+02 5.3275416864E+02 9.3577730281E-01 0.0000000000E+00
3.6300000000E-01 9.5385460475E+02 4.2110651708E+02 5.3274808767E+02 9.3579226018E-01 0.0000000000E+00
3.6400000000E-01 9.5385529856E+02 4.2111077897E+02 5.3274451958E+02 9.3580173106E-01 0.0000000000E+00
3.6500000000E-01 9.5385598035E+02 4.2111265174E+02 5.3274332861E+02 9.3580589275E-01 0.0000000000E+00
3.6600000000E-01 9.5385678277E+02 4.2111277831E+02 5.3274400446E+02 9.3580617403E-01 0.0000000000E+00
3.6700000000E-01 9.5385760516E+02 4.2111298629E+02 5.3274461887E+02 9.3580663620E-01 0.0000000000E+00
3.6800000000E-01 9.5385857907E+02 4.2111687561E+02 5.3274170346E+02 9.3581527914E-01 0.0000000000E+00
3.6900000000E-01 9.5385941704E+02 4.2112910466E+02 5.3273031239E+02 9.3584245479E-01 0.0000000000E+00
3.7000000000E-01 9.5386012929E+02 4.2115309652E+02 5.3270703277E+02 9.3589577005E-01 0.0000000000E+00
3.7100000000E-01 9.5386037540E+02 4.2118917500E+02 5.3267120040E+02 9.3597594444E-01 0.0000000000E+00
3.7200000000E-01 9.5386059935E+02 4.2123445580E+02 5.3262614354E+02 9.3607656845E-01 0.0000000000E+00
3.7300000000E-01 9.5386079769E+02 4.2128448779E+02 5.3257630990E+02 9.3618775065E-01 0.0000000000E+00
3.7400000000E-01 9.5386126108E+02 4.2133535453E+02 5.3252590655E+02 9.3630078784E-01 0.0000000000E+00
3.7500000000E-01 9.5386163311E+02 4.2138449694E+02 5.3247713617E+02 9.3640999320E-01 0.0000000000E+00
3.7600000000E-01 9.5386217531E+02 4.2143070771E+02 5.3243146760E+02 9.3651268381E-01 0.0000000000E+00
3.7700000000E-01 9.5386260785E+02 4.2147372355E+02 5.3238888430E+02 9.3660827455E-01 0.0000000000E+00
3.7800000000E-01 9.5386320149E+02 4.2151359310E+02 5.3234960839E+02 9.3669687355E-01 0.0000000000E+00
3.7900000000E-01 9.5386384899E+02 4.2155051069E+02 5.3231333830E+02 9.3677891264E-01 0.0000000000E+00
3.8000000000E-01 9.5386447195E+02 4.2158477979E+02 5.3227969216E+02 9.3685506619E-01 0.0000000000E+00
3.8100000000E-01 9.5386496312E+02 4.2161665899E+02 5.3224830412E+02 9.3692590887E-01 0.0000000000E+00
3.8200000000E-01 9.5386526586E+02 4.2164640870E+02 5.3221885716E+02 9.3699201934E-01 0.0000000000E+00
3.8300000000E-01 9.5386559763E+02 4.2167428869E+02 5.3219130893E+02 9.3705397488E-01 0.0000000000E+00
3.8400000000E-01 9.5386574658E+02 4.2170044676E+02 5.3216529981E+02 9.3711210392E-01 0.0000000000E+00
3.8500000000E-01 9.5386577745E+02 4.2172506879E+02 5.3214070866E+02 9.3716681954E-01 0.0000000000E+00
3.8600000000E-01 9.5386568584E+02 4.2174823792E+02 5.3211744792E+02 9.3721830649E-01 0.0000000000E+00
3.8700000000E-01 9.5386552933E+02 4.2176978724E+02 5.3209574209E+02 9.3726619388E-01 0.0000000000E+00
3.8800000000E-01 9.5386545035E+02 4.2178964164E+02 5.3207580871E+02 9.3731031476E-01 0.0000000000E+00
3.8900000000E-01 9.5386528908E+02 4.2180800130E+02 5.3205728777E+02 9.3735111401E-01 0.0000000000E+00
3.9000000000E-01 9.5386517813E+02 4.2182504777E+02 5.3204013036E+02 9.3738899504E-01 0.0000000000E+00
3.9100000000E-01 9.5386512906E+02 4.2184101083E+02 5.3202411823E+02 9.3742446852E-01 0.0000000000E+00
3.9200000000E-01 9.5386517915E+02 4.2185578898E+02 5.3200939017E+02 9.3745730885E-01 0.0000000000E+00
3.9300000000E-01 9.5386522160E+02 4.2186908251E+02 5.3199613909E+02 9.3748685002E-01 0.0000000000E+00
3.9400000000E-01 9.5386533541E+02 4.2188083486E+02 5.3198450056E+02 9.3751296635E-01 0.0000000000E+00
3.9500000000E-01 9.5386548612E+02 4.2189130810E+02 5.3197417802E+02 9.3753624022E-01 0.0000000000E+00
3.9600000000E-01 9.5386566489E+02 4.2190043600E+02 5.3196522888E+02 9.3755652445E-01 0.0000000000E+00
3.9700000000E-01 9.5386574557E+02 4.2190801915E+02 5.3195772642E+02 9.3757337590E-01 0.0000000000E+00
3.9800000000E-01 9.5386590928E+02 4.2191429347E+02 5.3195161581E+02 9.3758731883E-01 0.0000000000E+00
3.9900000000E-01 9.5386597210E+02 4.2191935427E+02 5.3194661783E+02 9.3759856505E-01 0.0000000000E+00
4.0000000000E-01 9.5386610970E+02 4.2192310568E+02 5.3194300402E+02 9.3760690152E-01 0.0000000000E+00
4.0100000000E-01 9.5386616625E+02 4.2192549291E+02 5.3194067334E+02 9.3761220647E-01 0.0000000000E+00
4.0200000000E-01 9.5386630525E+02 4.2192653789E+02 5.3193976736E+02 9.3761452865E-01 0.0000000000E+00
4.0300000000E-01 9.5386645494E+02 4.2192626804E+02 5.3194018690E+02 9.3761392899E-01 0.0000000000E+00
4.0400000000E-01 9.5386668578E+02 4.2192482835E+02 5.3194185743E+02 9.3761072966E-01 0.0000000000E+00
4.0500000000E-01 9.5386690750E+02 4.2192244091E+02 5.3194446659E+02 9.3760542424E-01 0.0000000000E+00
4.0600000000E-01 9.5386722552E+02 4.2191933237E+02 5.3194789315E+02 9.3759851638E-01 0.0000000000E+00
4.0700000000E-01 9.5386750426E+02 4.2191568787E+02 5.3195181639E+02 9.3759041750E-01 0.0000000000E+00
4.0800000000E-01 9.5386771617E+02 4.2191168870E+02 5.3195602746E+02 9.3758153046E-01 0.0000000000E+00
4.0900000000E-01 9.5386794652E+02 4.2190733948E+02 5.3196060704E+02 9.3757186551E-01 0.0000000000E+00
4.1000000000E-01 9.5386801082E+02 4.2190268151E+02 5.3196532931E+02 9.3756151447E-01 0.0000000000E+00
4.1100000000E-01 9.5386809364E+02 4.2189780805E+02 5.3197028559E+02 9.3755068457E-01 0.0000000000E+00
4.1200000000E-01 9.5386824099E+02 4.2189263222E+02 5.3197560877E+02 9.3753918272E-01 0.0000000000E+00
4.1300000000E-01 9.5386829895E+02 4.2188769167E+02 5.3198060729E+02 9.3752820370E-01 0.0000000000E+00
4.1400000000E-01 9.5386857410E+02 4.2188421054E+02 5.3198436356E+02 9.3752046786E-01 0.0000000000E+00
4.1500000000E-01 9.5386888581E+02 4.2188430929E+02 5.3198457653E+02 9.3752068730E-01 0.0000000000E+00
4.1600000000E-01 9.5386919352E+02 4.2189103276E+02 5.3197816075E+02 9.3753562836E-01 0.0000000000E+00
4.1700000000E-01 9.5386933825E+02 4.2190709690E+02 5.3196224135E+02 9.3757132644E-01 0.0000000000E+00
4.1800000000E-01 9.5386934165E+02 4.2193430392E+02 5.3193503773E+02 9.3763178648E-01 0.0000000000E+00
4.1900000000E-01 9.5386913076E+02 4.2197262895E+02 5.3189650181E+02 9.3771695321E-01 0.0000000000E+00
4.2000000000E-01 9.5386884226E+02 4.2201988461E+02 5.3184895765E+02 9.3782196581E-01 0.0000000000E+00
4.2100000000E-01 9.5386841108E+02 4.2207270700E+02 5.3179570407E+02 9.3793934890E-01 0.0000000000E+00
4.2200000000E-01 9.5386822258E+02 4.2212770997E+02 5.3174051261E+02 9.3806157771E-01 0.0000000000E+00
4.2300000000E-01 9.5386798583E+02 4.2218239751E+02 5.3168558832E+02 9.3818310558E-01 0.0000000000E+00
4.2400000000E-01 9.5386793249E+02 4.2223524328E+02 5.3163268920E+02 9.3830054063E-01 0.0000000000E+00
4.2500000000E-01 9.5386785581E+02 4.2228536100E+02 5.3158249481E+02 9.3841191332E-01 0.0000000000E+00
4.2600000000E-01 9.5386768002E+02 4.2233255247E+02 5.3153512755E+02 9.3851678327E-01 0.0000000000E+00
4.2700000000E-01 9.5386752705E+02 4.2237674756E+02 5.3149077950E+02 9.3861499457E-01 0.0000000000E+00
4.2800000000E-01 9.5386740328E+02 4.2241791776E+02 5.3144948552E+02 9.3870648390E-01 0.0000000000E+00
4.2900000000E-01 9.5386718473E+02 4.2245636962E+02 5.3141081511E+02 9.3879193248E-01 0.0000000000E+00
4.3000000000E-01 9.5386677683E+02 4.2249234382E+02 5.3137443301E+02 9.3887187515E-01 0.0000000000E+00
4.3100000000E-01 9.5386658578E+02 4.2252604514E+02 5.3134054064E+02 9.3894676697E-01 0.0000000000E+00
4.3200000000E-01 9.5386631493E+02 4.2255744979E+02 5.3130886514E+02 9.3901655509E-01 0.0000000000E+00
4.3300000000E-01 9.5386614582E+02 4.2258677984E+02 5.3127936597E+02 9.3908173299E-01 0.0000000000E+00
4.3400000000E-01 9.5386594084E+02 4.2261436191E+02 5.3125157893E+02 9.3914302646E-01 0.0000000000E+00
4.3500000000E-01 9.5386569483E+02 4.2264020781E+02 5.3122548702E+02 9.3920046180E-01 0.0000000000E+00
4.3600000000E-01 9.5386550304E+02 4.2266434316E+02 5.3120115988E+02 9.3925409591E-01 0.0000000000E+00
4.3700000000E-01 9.5386540706E+02 4.2268692222E+02 5.3117848483E+02 9.3930427161E-01 0.0000000000E+00
4.3800000000E-01 9.5386528011E+02 4.2270838725E+02 5.3115689285E+02 9.3935197167E-01 0.0000000000E+00
4.3900000000E-01 9.5386512439E+02 4.2272894966E+02 5.3113617473E+02 9.3939766590E-01 0.0000000000E+00
4.4000000000E-01 9.5386492125E+02 4.2274869768E+02 5.3111622357E+02 9.3944155039E-01 0.0000000000E+00
4.4100000000E-01 9.5386471857E+02 4.2276794415E+02 5.3109677442E+02 9.3948432032E-01 0.0000000000E+00
4.4200000000E-01 9.5386451693E+02 4.2278693252E+02 5.3107758441E+02 9.3952651671E-01 0.0000000000E+00
4.4300000000E-01 9.5386429845E+02 4.2280598131E+02 5.3105831714E+02 9.3956884736E-01 0.0000000000E+00
4.4400000000E-01 9.5386385673E+02 4.2282523413E+02 5.3103862260E+02 9.3961163140E-01 0.0000000000E+00
4.4500000000E-01 9.5386340526E+02 4.2284475063E+02 5.3101865463E+02 9.3965500139E-01 0.0000000000E+00
4.4600000000E-01 9.5386275287E+02 4.2286481527E+02 5.3099793760E+02 9.3969958949E-01 0.0000000000E+00
4.4700000000E-01 9.5386218468E+02 4.2288561798E+02 5.3097656670E+02 9.3974581773E-01 0.0000000000E+00
4.4800000000E-01 9.5386167375E+02 4.2290699724E+02 5.3095467650E+02 9.3979332721E-01 0.0000000000E+00
4.4900000000E-01 9.5386114336E+02 4.2292864966E+02 5.3093249370E+02 9.3984144368E-01 0.0000000000E+00
4.5000000000E-01 9.5386055058E+02 4.2295024897E+02 5.3091030162E+02 9.3988944215E-01 0.0000000000E+00
4.5100000000E-01 9.5386004002E+02 4.2297141569E+02 5.3088862433E+02 9.3993647931E-01 0.0000000000E+00
4.5200000000E-01 9.5385938638E+02 4.2299191066E+02 5.3086747572E+02 9.3998202368E-01 0.0000000000E+00
4.5300000000E-01 9.5385868525E+02 4.2301164852E+02 5.3084703672E+02 9.4002588561E-01 0.0000000000E+00
4.5400000000E-01 9.5385788117E+02 4.2303034247E+02 5.3082753870E+02 9.4006742771E-01 0.0000000000E+00
4.5500000000E-01 9.5385726063E+02 4.2304797963E+02 5.3080928100E+02 9.4010662140E-01 0.0000000000E+00
4.5600000000E-01 9.5385657824E+02 4.2306487252E+02 5.3079170572E+02 9.4014416115E-01 0.0000000000E+00
4.5700000000E-01 9.5385592839E+02 4.2308107203E+02 5.3077485636E+02 9.4018016007E-01 0.0000000000E+00
4.5800000000E-01 9.5385535717E+02 4.2309661149E+02 5.3075874568E+02 9.4021469221E-01 0.0000000000E+00
4.5900000000E-01 9.5385481032E+02 4.2311152997E+02 5.3074328036E+02 9.4024784437E-01 0.0000000000E+00
4.6000000000E-01 9.5385425446E+02 4.2312588662E+02 5.3072836785E+02 9.4027974803E-01 0.0000000000E+00
4.6100000000E-01 9.5385378341E+02 4.2313962336E+02 5.3071416006E+02 9.4031027413E-01 0.0000000000E+00
4.6200000000E-01 9.5385335751E+02 4.2315271538E+02 5.3070064212E+02 9.4033936752E-01 0.0000000000E+00
4.6300000000E-01 9.5385273614E+02 4.2316506532E+02 5.3068767082E+02 9.4036681182E-01 0.0000000000E+00
4.6400000000E-01 9.5385217745E+02 4.2317652266E+02 5.3067565479E+02 9.4039227258E-01 0.0000000000E+00
4.6500000000E-01 9.5385166385E+02 4.2318709782E+02 5.3066456603E+02 9.4041577293E-01 0.0000000000E+00
4.6600000000E-01 9.5385087779E+02 4.2319692274E+02 5.3065395505E+02 9.4043760609E-01 0.0000000000E+00
4.6700000000E-01 9.5385020764E+02 4.2320598209E+02 5.3064422555E+02 9.4045773799E-01 0.0000000000E+00
4.6800000000E-01 9.5384956129E+02 4.2321428178E+02 5.3063527951E+02 9.4047618173E-01 0.0000000000E+00
4.6900000000E-01 9.5384898704E+02 4.2322196319E+02 5.3062702385E+02 9.4049325153E-01 0.0000000000E+00
4.7000000000E-01 9.5384835937E+02 4.2322905211E+02 5.3061930726E+02 9.4050900469E-01 0.0000000000E+00
4.7100000000E-01 9.5384764953E+02 4.2323571918E+02 5.3061193036E+02 9.4052382039E-01 0.0000000000E+00
4.7200000000E-01 9.5384693076E+02 4.2324200847E+02 5.3060492229E+02 9.4053779660E-01 0.0000000000E+00
4.7300000000E-01 9.5384642728E+02 4.2324805430E+02 5.3059837298E+02 9.4055123177E-01 0.0000000000E+00
4.7400000000E-01 9.5384585415E+02 4.2325405000E+02 5.3059180415E+02 9.4056455555E-01 0.0000000000E+00
4.7500000000E-01 9.5384513794E+02 4.2326007150E+02 5.3058506644E+02 9.4057793667E-01 0.0000000000E+00
4.7600000000E-01 9.5384448517E+02 4.2326620136E+02 5.3057828381E+02 9.4059155857E-01 0.0000000000E+00
4.7700000000E-01 9.5384382129E+02 4.2327254561E+02 5.3057127568E+02 9.4060565691E-01 0.0000000000E+00
4.7800000000E-01 9.5384318610E+02 4.2327928479E+02 5.3056390131E+02 9.4062063287E-01 0.0000000000E+00
4.7900000000E-01 9.5384247770E+02 4.2328643598E+02 5.3055604172E+02 9.4063652440E-01 0.0000000000E+00
4.8000000000E-01 9.5384162006E+02 4.2329417046E+02 5.3054744960E+02 9.4065371212E-01 0.0000000000E+00
4.8100000000E-01 9.5384088721E+02 4.2330265005E+02 5.3053823716E+02 9.4067255567E-01 0.0000000000E+00
4.8200000000E-01 9.5384003732E+02 4.2331176923E+02 5.3052826809E+02 9.4069282052E-01 0.0000000000E+00
4.8300000000E-01 9.5383923821E+02 4.2332145857E+02 5.3051777964E+02 9.4071435238E-01 0.0000000000E+00
4.8400000000E-01 9.5383859188E+02 4.2333170852E+02 5.3050688336E+02 9.4073713004E-01 0.0000000000E+00
4.8500000000E-01 9.5383794620E+02 4.2334247908E+02 5.3049546712E+02 9.4076106462E-01 0.0000000000E+00
4.8600000000E-01 9.5383729004E+02 4.2335375661E+02 5.3048353342E+02 9.4078612581E-01 0.0000000000E+00
4.8700000000E-01 9.5383661138E+02 4.2336527635E+02 5.3047133503E+02 9.4081172523E-01 0.0000000000E+00
4.8800000000E-01 9.5383597609E+02 4.2337685575E+02 5.3045912033E+02 9.4083745723E-01 0.0000000000E+00
4.8900000000E-01 9.5383528293E+02 4.2338857808E+02 5.3044670485E+02 9.4086350685E-01 0.0000000000E+00
4.9000000000E-01 9.5383459258E+02 4.2340022496E+02 5.3043436762E+02 9.4088938880E-01 0.0000000000E+00
4.9100000000E-01 9.5383391335E+02 4.2341168689E+02 5.3042222646E+02 9.4091485975E-01 0.0000000000E+00
4.9200000000E-01 9.5383324678E+02 4.2342295776E+02 5.3041028903E+02 9.4093990612E-01 0.0000000000E+00
4.9300000000E-01 9.5383255160E+02 4.2343386083E+02 5.3039869077E+02 9.4096413518E-01 0.0000000000E+00
4.9400000000E-01 9.5383192724E+02 4.2344451936E+02 5.3038740788E+02 9.4098782079E-01 0.0000000000E+00
4.9500000000E-01 9.5383130000E+02 4.2345512757E+02 5.3037617243E+02 9.4101139460E-01 0.0000000000E+00
4.9600000000E-01 9.5383064494E+02 4.2346562554E+02 5.3036501940E+02 9.4103472343E-01 0.0000000000E+00
4.9700000000E-01 9.5383007153E+02 4.2347588697E+02 5.3035418456E+02 9.4105752660E-01 0.0000000000E+00
4.9800000000E-01 9.5382965836E+02 4.2348587004E+02 5.3034378832E+02 9.4107971119E-01 0.0000000000E+00
4.9900000000E-01 9.5382914360E+02 4.2349542275E+02 5.3033372085E+02 9.4110093943E-01 0.0000000000E+00
