2.689395 -0.008433 -0.005189 -0.005212
2.663742 -0.003452 -0.002142 -0.002138
1.728777 -0.001769 -0.002345 -0.002105
1.819224 -0.006489 -0.001588 -0.004698
2.045096 -0.006543 -0.004865 -0.002201
1.140433 -0.001696 -0.002728 -0.001318
nan -0.005224 -0.002309 -0.005074
2.476500 -0.001325 -0.003968 -0.000480
2.310699 -0.001327 0.004178 -0.000892
2.301863 0.000968 -0.002218 -0.003728
nan 0.003561 0.003337 -0.002902
nan -0.003408 -0.002267 -0.004826
2.467813 -0.005103 -0.008419 -0.008688
1.930079 0.001204 -0.000309 -0.001072
1.358820 0.000047 -0.004867 -0.003360
2.059735 0.000677 -0.002482 -0.001867
2.722902 -0.004178 -0.001101 -0.003595
0.711735 -0.004826 -0.000322 -0.001056
2.200063 -0.002049 -0.005829 -0.004321
2.159868 -0.004915 -0.000428 -0.000509
2.473193 -0.000235 0.002291 -0.000483
1.131413 -0.003576 -0.000900 -0.000342
2.190342 -0.001505 -0.003924 0.000700
1.872717 -0.004129 -0.006149 -0.002507
2.814658 -0.002924 -0.005018 -0.002220
1.988899 -0.006246 -0.006160 -0.006037
1.895720 -0.001297 -0.003447 -0.004033
nan -0.003497 -0.004736 0.000206
0.500624 0.002174 0.001203 -0.002415
1.792597 -0.001358 -0.002014 -0.003029
1.733312 -0.001990 -0.000761 -0.003093
1.428947 0.000894 0.001579 -0.003054
1.418480 -0.001658 -0.001736 -0.006084
2.572856 -0.001777 -0.003174 -0.001154
1.910499 -0.005611 -0.005489 -0.006102
1.063244 -0.005500 -0.000077 -0.000459
2.816002 -0.005285 -0.003275 -0.004929
2.432732 -0.000736 0.000586 -0.003475
2.563624 -0.007907 -0.007579 -0.003473
2.707773 -0.000159 -0.004148 0.002882
0.891997 -0.009039 -0.009038 -0.010064
1.837942 -0.001089 -0.000347 0.000934
0.448495 -0.004203 -0.004387 -0.003056
1.874915 -0.001764 0.000847 -0.003803
1.216983 -0.003211 -0.000795 -0.002194
1.338219 -0.000817 0.000942 -0.002785
1.138222 0.000273 -0.003342 -0.000025
2.340257 -0.007194 -0.007938 -0.007590
2.866274 -0.004437 -0.006182 -0.004509
2.231311 -0.007000 -0.008445 -0.006428
2.712709 -0.003143 -0.005341 -0.003133
2.014828 -0.005649 -0.004370 -0.005023
2.625224 -0.009111 -0.006405 -0.007041
1.228932 -0.004035 -0.003404 -0.004131
2.283539 0.001180 -0.001442 -0.004808
1.738204 -0.005924 -0.007852 -0.002905
1.168491 0.000605 -0.004183 -0.000526
2.947729 -0.002347 -0.001064 -0.006726
1.888415 -0.002557 -0.006996 -0.006302
1.969809 -0.008107 -0.006274 -0.006569
2.157753 0.003998 -0.001700 -0.001998
2.174764 -0.005977 -0.004025 -0.001280
2.095635 -0.004503 -0.005087 -0.002947
2.054830 0.001832 -0.002503 0.001299
2.006362 0.000847 0.002741 -0.002898
nan 0.000504 -0.002587 -0.001441
1.959904 -0.003416 -0.000200 -0.000779
2.736838 -0.002155 -0.003224 0.001560
0.681395 -0.006718 -0.003746 -0.007121
nan -0.003480 -0.001048 -0.003720
0.938643 -0.003642 -0.001734 0.000790
nan -0.001988 -0.000415 -0.000089
2.170604 -0.001406 0.000049 -0.001434
1.095148 -0.001007 -0.000830 -0.001437
1.602596 -0.001065 -0.001228 -0.001632
2.510037 -0.004094 0.000386 -0.005669
2.612825 -0.002414 -0.000209 -0.000352
nan -0.006086 -0.000282 -0.003365
2.280087 -0.002719 -0.000290 0.002799
1.724745 -0.004300 -0.000171 -0.002848
2.111987 -0.001349 -0.002087 0.001345
0.740441 -0.002214 -0.001025 -0.000968
1.800398 -0.004823 -0.006392 -0.005972
2.004525 -0.004610 -0.003431 -0.006451
1.782158 0.000213 -0.002484 0.000013
2.586834 -0.005218 -0.008734 -0.003320
nan 0.002431 0.001192 -0.001392
1.747794 -0.005188 -0.009386 -0.007243
2.129438 -0.001976 0.001241 -0.003396
2.418162 0.000022 0.004377 0.000196
nan -0.007088 -0.002159 -0.005393
1.150882 -0.003072 -0.002344 -0.004253
1.898531 -0.001898 -0.002782 -0.002763
0.808906 -0.002092 -0.001410 -0.003081
nan -0.005021 -0.000367 -0.000789
2.016490 -0.001044 0.001401 -0.001327
1.942110 -0.003738 0.002039 -0.000308
0.672120 0.000315 -0.001034 -0.001504
2.076229 -0.002166 0.000041 0.000173
nan 0.002709 -0.003425 0.000903
nan -0.003940 -0.002977 -0.000887
2.002289 -0.002990 -0.000577 -0.001801
nan 0.000878 -0.001861 0.001008
2.061563 -0.001270 0.001010 -0.002288
nan -0.001796 -0.001633 -0.004080
nan -0.001400 -0.001735 -0.001066
0.667772 -0.001777 -0.000077 -0.001257
2.755017 -0.005515 -0.005401 -0.006417
nan -0.001543 -0.003565 0.000655
nan -0.005327 -0.003042 -0.004754
1.418761 -0.003823 -0.001290 -0.003204
2.064803 -0.007748 -0.013865 -0.009014
1.136471 0.003195 0.001053 -0.002756
0.521626 -0.002022 -0.004837 -0.005562
0.960793 -0.003772 -0.004753 -0.000862
2.081757 -0.003044 -0.001390 -0.001805
nan 0.003090 -0.003056 -0.000331
1.704149 -0.002421 0.003552 -0.001166
nan -0.001943 -0.000010 -0.004776
nan 0.000959 -0.003280 -0.002078
2.521099 0.005496 0.000657 0.000517
2.335281 0.002225 -0.002819 0.000212
nan -0.001932 0.000778 0.000016
0.465711 0.002189 0.001271 -0.003433
1.871589 -0.002339 -0.002618 0.000283
nan 0.002359 -0.002111 -0.002144
nan -0.002705 -0.000457 0.003422
2.508503 0.001394 -0.001741 -0.002750
nan -0.002282 -0.001784 0.000623
1.828094 -0.003238 0.001621 0.003573
0.765136 -0.010018 -0.002645 -0.001741
2.311367 -0.002927 -0.001409 -0.002244
0.238760 -0.004856 -0.005429 -0.006592
2.352000 -0.000549 0.004210 0.000388
nan -0.000162 -0.001635 -0.003056
1.783719 0.004075 0.000295 -0.000029
1.899618 0.002620 0.000615 -0.004053
0.993633 -0.002048 -0.001435 -0.004383
1.812628 -0.001536 -0.004289 -0.001322
nan -0.002240 -0.005158 -0.006196
1.325387 0.001297 0.001764 -0.003168
2.020313 -0.001522 -0.005306 -0.002786
0.884664 -0.001451 -0.001331 -0.004907
0.809620 -0.004527 -0.003262 -0.003356
1.279635 -0.005095 -0.004095 -0.002131
2.541872 -0.000978 -0.002264 0.000338
1.517067 -0.002089 -0.000515 0.002394
0.728396 -0.002415 -0.003083 -0.000433
nan -0.000485 -0.000277 -0.002046
1.786018 -0.001240 0.003516 -0.000062
nan -0.002082 -0.006824 -0.001764
1.784608 -0.003708 -0.006337 -0.011258
1.881140 -0.001232 -0.001533 -0.004291
nan -0.000360 -0.003128 -0.000847
0.674150 -0.003460 0.000981 -0.000057
1.387939 -0.005843 -0.006088 -0.007153
0.960980 0.000661 -0.001578 0.000701
0.926890 -0.003787 0.002176 0.001396
3.201387 -0.005065 -0.012255 -0.008073
nan -0.004035 0.000293 -0.002685
2.850693 -0.003825 -0.005712 -0.006171
1.918103 -0.005120 -0.001455 -0.003709
nan -0.004526 -0.001565 -0.000763
nan -0.003263 0.000344 0.000685
1.531615 -0.001665 -0.002101 -0.001392
2.134452 -0.004065 -0.005421 -0.008678
1.633764 -0.000296 -0.001015 -0.000054
nan -0.000278 -0.003461 -0.002204
2.383889 -0.003065 -0.003010 -0.003726
nan -0.006187 -0.006034 -0.006378
1.458047 0.000571 -0.002275 -0.002523
1.948331 -0.002423 -0.000766 0.002534
nan -0.001822 0.001261 -0.004198
2.403819 -0.004583 -0.000407 -0.004084
nan -0.007680 -0.012421 -0.010864
2.116705 -0.001428 -0.001904 0.002111
1.663268 -0.002616 0.002382 0.002038
2.769118 -0.004558 -0.004204 -0.008230
0.878616 -0.002206 -0.001486 -0.007124
2.277262 -0.003846 0.000601 -0.005327
nan -0.000107 0.000156 -0.000927
1.485119 -0.008209 -0.004472 -0.009647
2.025622 -0.002945 -0.001880 -0.003843
2.068094 -0.001093 -0.001247 -0.001870
nan 0.001792 -0.000086 -0.003324
2.840848 -0.005815 -0.005759 -0.005214
nan -0.000953 -0.000200 -0.002134
2.537492 0.000383 -0.000519 -0.001774
0.659792 -0.004084 -0.004511 -0.000375
1.790347 -0.003505 -0.001159 0.002623
2.272014 -0.001961 0.001678 -0.004326
1.964130 0.001170 -0.000588 -0.001974
1.278573 -0.000574 -0.002483 -0.002167
1.561848 0.001617 -0.003313 -0.003352
2.591853 0.002231 -0.003223 -0.005104
nan -0.004035 -0.000249 0.000027
1.532613 -0.006054 -0.003151 -0.010312
2.272167 -0.002766 -0.003781 -0.004640
2.219854 -0.001383 -0.001029 -0.004391
2.185683 -0.003531 -0.001001 -0.006629
1.230874 -0.002437 0.000957 0.001329
2.892536 -0.005927 -0.004065 -0.005074
2.696935 -0.002372 -0.006512 -0.007211
1.707284 -0.000660 -0.001396 -0.004256
1.224946 -0.008220 -0.002915 -0.004726
nan -0.006536 -0.006823 -0.005956
2.804242 -0.004421 -0.005069 -0.007973
2.821391 0.000129 -0.001773 -0.005978
1.260661 -0.002912 0.000938 -0.004404
2.031557 -0.001530 -0.002398 -0.001683
2.542373 -0.000985 0.000367 0.000022
0.445915 -0.001143 -0.002142 -0.001784
2.699920 -0.002299 -0.001961 -0.001015
1.641855 -0.005220 -0.003642 -0.003362
1.935194 -0.005429 -0.005775 -0.006151
1.921863 -0.001876 -0.003055 0.002486
1.800203 -0.002283 0.000035 -0.001448
2.037759 -0.002339 0.002641 -0.002564
0.730480 -0.001762 -0.005234 -0.003423
1.398641 0.000159 -0.002193 -0.000693
1.809659 -0.001981 0.001695 0.002001
1.037932 0.001525 -0.002175 0.003938
2.330901 -0.000918 -0.000325 0.000137
2.597860 -0.007619 -0.003747 -0.006475
1.650821 -0.002261 -0.005472 -0.003758
1.038303 -0.002761 -0.004132 -0.001628
1.705915 -0.002350 -0.001781 -0.001413
nan 0.001499 -0.005133 -0.003653
2.449546 -0.001261 -0.001334 -0.001510
2.016835 -0.005187 -0.004472 -0.005103
1.190104 -0.002640 0.000589 -0.001934
2.013321 0.000824 -0.002280 -0.001099
2.375218 0.003202 -0.004567 -0.001383
1.264499 0.001903 -0.002914 -0.000580
1.613752 0.000293 0.001536 -0.002132
1.597315 -0.001467 -0.003993 0.003496
1.087048 -0.002323 -0.006381 -0.000967
1.519738 0.002145 -0.001324 -0.004375
2.441111 -0.002000 -0.000081 0.000874
1.660510 0.002993 0.003104 -0.003879
0.982218 -0.008009 -0.012716 -0.005668
nan 0.000871 -0.000561 -0.000844
2.083603 0.001346 0.000326 -0.001900
0.765298 -0.002980 -0.001193 -0.004481
1.644883 -0.002697 -0.001969 -0.002694
1.974585 0.002265 0.000111 -0.002380
1.435326 -0.003386 0.002505 -0.000931
2.052487 -0.002708 -0.001214 -0.003145
nan -0.005367 -0.001147 -0.002062
1.780478 0.001514 -0.003373 -0.004108
1.341771 0.000384 -0.002667 0.003638
1.077477 -0.000364 -0.004863 -0.004506
nan -0.004328 -0.004255 0.001293
2.150346 0.000795 -0.001295 -0.001716
2.803567 -0.010021 -0.005373 -0.007958
nan -0.001867 0.001252 -0.001111
nan 0.000247 -0.003567 -0.002952
2.201088 -0.000364 -0.000470 -0.001863
2.614443 -0.001810 0.000616 -0.002958
nan -0.004741 -0.005024 -0.006080
2.625949 -0.000482 -0.002289 -0.002009
1.652518 -0.000220 0.001066 -0.000855
0.733522 -0.002558 -0.000485 -0.004894
nan -0.008762 -0.007518 -0.010213
1.060765 -0.000961 -0.001666 -0.003641
2.208227 -0.002933 -0.003714 0.000547
1.848847 -0.000765 0.000935 -0.001809
1.797359 -0.002180 -0.002636 -0.001675
2.770980 -0.003858 -0.001695 0.000176
1.558838 -0.002548 -0.003030 -0.006288
2.713006 -0.003448 -0.003566 -0.003664
1.156466 -0.001271 -0.006389 -0.004516
0.605485 -0.001208 0.003833 -0.003154
1.355162 -0.006749 -0.006403 -0.004289
nan -0.004358 -0.004677 0.001209
1.827829 -0.007238 -0.003843 -0.006517
1.484030 -0.001291 -0.002393 -0.001117
2.333704 -0.000188 -0.001097 -0.001630
1.000781 0.001826 -0.002025 0.003621
nan -0.000761 -0.001410 -0.000807
nan -0.001743 0.001062 -0.000110
0.356065 -0.002704 -0.000997 -0.000827
1.751366 -0.003259 0.001942 -0.000978
2.217223 -0.003183 -0.006020 -0.003757
2.491153 -0.002469 -0.003390 -0.002984
1.328242 -0.001635 -0.001296 0.001918
2.019374 -0.008616 -0.004397 -0.009103
nan -0.003133 -0.002490 -0.000958
nan -0.003789 -0.004651 -0.006235
1.622107 0.001967 -0.002444 -0.003207
2.585444 -0.002903 0.000903 0.003491
2.223945 -0.002639 -0.000614 -0.001640
1.648893 -0.004253 -0.002876 -0.003791
0.446751 -0.002448 0.001392 -0.000515
2.445675 -0.003106 -0.001911 0.000812
0.801275 -0.002771 -0.001148 -0.001621
nan -0.001497 0.002158 -0.000217
3.010533 -0.007848 -0.005360 -0.010542
1.964472 0.000070 -0.003136 0.003596
2.876791 0.000458 -0.001612 -0.003128
1.590206 0.000235 -0.003761 -0.002191
3.164759 -0.004911 -0.007123 -0.004518
2.729796 -0.004955 -0.001691 -0.003061
2.254927 -0.001474 -0.001246 -0.002982
1.212600 0.001017 -0.000798 -0.000488
1.494052 -0.002432 -0.004707 -0.002077
0.601411 -0.003197 0.003663 0.001999
1.891612 -0.000926 -0.001186 -0.001687
1.595634 -0.002309 0.002118 0.000880
nan -0.003748 -0.003916 -0.005456
nan -0.001826 0.002094 0.000510
1.054344 0.002415 -0.002933 0.001072
1.568895 -0.000152 0.003628 0.000782
1.747413 -0.001392 -0.000018 0.001342
1.851238 -0.001785 -0.001219 -0.001320
2.232304 -0.004143 -0.002630 -0.001963
2.210863 -0.007612 -0.003289 -0.007012
1.400771 -0.003488 -0.006171 -0.003851
nan -0.001142 0.000713 0.000972
2.008261 -0.001688 0.001938 -0.000674
1.890153 -0.007221 -0.006826 -0.003229
1.945324 -0.005039 -0.005133 -0.003621
1.982793 -0.009577 -0.003921 -0.006587
1.936065 -0.002979 -0.004466 -0.001348
2.392533 -0.000642 -0.004266 -0.002494
1.685699 0.002287 0.002767 -0.002453
nan -0.002618 -0.001105 -0.002829
1.502147 -0.008055 -0.006119 -0.006724
nan -0.009762 -0.008461 -0.003916
0.984464 -0.003340 -0.000490 -0.002743
2.041816 -0.001496 -0.002093 -0.000409
2.653783 -0.009892 -0.006320 -0.010705
2.369858 0.001554 -0.002871 0.001166
nan -0.001020 0.000857 -0.002033
nan -0.004978 -0.000021 -0.002954
2.315287 -0.006018 -0.003896 -0.003500
2.704172 -0.002527 -0.003015 -0.002267
2.048076 -0.001257 0.000402 0.000304
1.644624 0.000790 -0.000943 -0.000060
nan 0.000895 -0.001436 0.000290
2.231558 -0.003429 -0.005516 -0.003662
nan -0.002269 -0.004054 -0.002445
1.755877 -0.001165 -0.000808 -0.000580
1.856262 -0.000641 -0.003451 -0.002071
1.903724 -0.001041 -0.002733 0.000345
1.495332 0.000193 -0.001654 -0.000854
1.744284 0.003025 -0.001535 -0.004071
1.458308 -0.002865 0.000800 -0.002559
1.849595 -0.000222 0.003177 -0.003104
0.491064 -0.003323 -0.000158 0.003278
1.072874 -0.003308 0.000253 -0.003728
0.426152 0.000557 -0.002107 -0.000218
nan -0.004690 0.000915 -0.003256
nan -0.003685 -0.000557 0.002879
1.904669 -0.008334 -0.004419 -0.007048
2.624533 -0.002282 -0.000594 -0.000315
0.942210 -0.000733 -0.003569 -0.003731
nan -0.006425 -0.007752 -0.005866
1.049882 0.001246 0.003760 -0.003400
nan -0.000944 -0.002840 -0.000008
2.456905 -0.004525 -0.002665 -0.003998
1.943702 -0.001351 0.000318 -0.004837
1.679941 -0.000242 -0.001701 -0.003250
nan -0.002674 -0.002716 0.000324
1.345559 -0.005100 -0.007224 -0.003058
2.156497 -0.002548 -0.006170 -0.001655
2.433174 -0.004849 -0.005919 -0.003671
1.634669 -0.002446 -0.000142 -0.003970
nan -0.000458 0.002570 -0.002246
1.024902 -0.003861 0.003616 0.000953
nan -0.001217 -0.000842 0.001569
nan -0.002751 -0.003996 -0.002146
2.477902 -0.003854 -0.007991 -0.006287
0.584172 -0.001340 -0.000972 -0.002001
0.981686 -0.003872 0.001871 -0.000758
1.647280 -0.004640 0.003511 -0.000502
2.949331 -0.003851 -0.006554 -0.006095
2.603490 -0.011334 -0.012578 -0.011269
1.995188 -0.003118 -0.000197 0.000441
1.246801 0.000793 -0.002393 -0.002498
2.382653 -0.001036 -0.005896 -0.002858
2.937221 -0.000764 -0.001643 -0.005392
2.298666 -0.005127 -0.003986 -0.002214
nan -0.004382 -0.003512 0.000993
3.058930 -0.001735 -0.006892 -0.005447
2.914096 -0.003486 -0.002847 -0.005043
1.728087 -0.000474 -0.001241 -0.000626
1.616384 -0.008809 -0.008320 -0.004443
2.897870 -0.006310 -0.004040 -0.006543
0.993195 -0.003532 -0.003881 0.001473
1.137467 -0.001214 -0.000521 -0.001453
2.077389 -0.004804 -0.001879 -0.001848
1.588474 -0.003273 -0.005321 -0.003772
0.743747 -0.001875 0.001893 -0.002414
2.014769 -0.000113 -0.004665 -0.001687
nan -0.002510 -0.001065 -0.000127
1.032016 -0.001541 -0.001434 -0.002314
1.948660 0.001391 -0.001369 -0.002948
2.160150 -0.006786 -0.007443 -0.004449
nan -0.000121 -0.000964 0.000498
1.223567 0.003558 -0.002607 0.002600
1.017031 0.000163 -0.002454 -0.003641
1.534095 0.001884 -0.003193 0.001650
2.568690 -0.004961 -0.002934 -0.007278
2.885615 -0.007144 -0.003663 -0.006649
1.487325 -0.004283 -0.003532 -0.000457
nan -0.002057 0.000436 -0.001216
1.358609 -0.004780 -0.001248 -0.002702
2.405699 -0.002296 -0.001016 0.000742
2.331575 -0.001380 0.000868 -0.000260
nan -0.001163 -0.001339 -0.002316
1.041861 0.000312 -0.003964 0.002457
3.248084 -0.013747 -0.003820 -0.008714
1.547470 -0.000034 -0.002834 -0.000269
1.812526 -0.002797 -0.001931 0.003256
nan -0.006413 -0.001350 -0.009295
1.518592 -0.001090 0.001314 -0.000793
1.452379 -0.002703 0.002571 0.000273
nan -0.000320 -0.001321 -0.002014
1.389210 0.000272 -0.002459 -0.000658
1.933176 -0.005846 -0.005012 -0.005892
nan -0.006001 -0.008810 -0.008695
nan -0.000652 -0.000325 -0.002312
2.737862 -0.006118 -0.005482 -0.010279
1.061187 -0.004651 -0.000637 -0.004938
2.770478 -0.006118 -0.004265 -0.003869
2.436381 -0.001355 -0.003725 -0.006882
1.454920 -0.002256 -0.003098 -0.003497
2.674532 -0.003444 -0.006838 -0.002900
0.666409 -0.003050 -0.002836 -0.004039
2.242997 -0.003680 -0.003434 0.001457
1.818553 0.001589 -0.000247 -0.000727
2.056932 -0.001680 -0.003159 0.001717
nan -0.001742 -0.001693 -0.004894
2.691705 -0.001354 -0.005104 -0.005377
1.598477 -0.000449 -0.004108 -0.001565
0.682401 -0.001383 0.002275 -0.003186
0.366280 0.001059 -0.001992 -0.003633
1.705469 -0.002831 0.000700 0.002444
1.417758 -0.001110 -0.001763 -0.005235
2.377742 -0.002726 -0.002952 -0.002167
0.941104 -0.003402 -0.003609 -0.003465
1.348841 -0.002936 0.000084 -0.001056
1.252018 -0.002352 -0.003062 -0.000521
2.254708 -0.003458 -0.000463 -0.000082
0.817274 0.000964 -0.004710 0.000505
1.014185 -0.003077 0.001140 -0.004621
2.524202 -0.006024 -0.005725 -0.005458
2.525838 -0.001911 -0.003579 -0.001264
1.059078 -0.003693 -0.004410 -0.003510
1.911838 -0.005734 -0.003594 -0.009609
1.462826 -0.005317 -0.001615 0.000025
1.594277 -0.004006 -0.002623 0.000674
0.116397 -0.003468 -0.003833 -0.000215
1.600934 -0.007818 -0.007749 -0.007281
1.591551 0.000901 0.002494 -0.003598
1.321788 -0.003918 -0.003203 -0.002677
1.600701 -0.005738 -0.000549 -0.003309
1.429525 -0.000964 0.000845 -0.004938
nan -0.007071 -0.005629 -0.004843
1.954659 -0.001099 0.002256 -0.003863
nan -0.000937 0.001278 -0.000258
nan -0.000646 -0.005694 -0.007851
1.679415 -0.002073 -0.004062 -0.003474
2.172598 -0.006744 -0.007459 -0.005540
1.958470 -0.000375 0.000169 -0.000988
nan 0.001191 -0.001898 0.001657
1.375465 -0.002364 -0.000117 0.001485
2.498812 -0.009365 -0.009029 -0.009388
1.534242 -0.001104 -0.001733 -0.000604
2.210291 0.000349 -0.003215 -0.003933
0.634536 -0.004940 -0.003837 -0.008421
1.261696 -0.000674 -0.004967 -0.005029
1.872578 -0.005385 -0.001740 -0.003887
1.730385 -0.001572 -0.000879 -0.000494
0.751557 -0.000232 -0.000565 -0.000677
1.110820 -0.003195 -0.001390 0.000922
1.242544 -0.006813 -0.003360 -0.004763
2.468544 -0.002060 -0.001133 -0.005455
nan -0.000205 -0.002225 0.001870
1.210606 -0.001287 -0.003226 0.000718
nan -0.001779 -0.003582 -0.002017
1.807689 -0.005663 -0.004686 0.000121
nan -0.001792 -0.000635 0.000013
nan -0.006429 -0.002418 -0.007036
0.970292 -0.000288 -0.003698 -0.000294
2.428986 -0.003095 -0.002510 0.000486
nan -0.000562 0.000507 -0.000788
2.760475 -0.007844 -0.005671 -0.004210
1.488581 -0.001478 0.000666 0.000676
1.202430 -0.004817 -0.002563 -0.003547
0.974915 -0.001134 -0.004989 -0.005673
3.008071 -0.005985 -0.007458 -0.002658
1.791398 -0.001598 0.002052 0.000040
2.863909 -0.004202 -0.004315 -0.004886
1.541535 -0.001066 0.000060 -0.001759
0.634297 -0.001400 -0.001720 -0.003473
2.354824 -0.005478 -0.001077 -0.003764
2.949658 -0.009772 -0.000239 -0.006555
1.112091 0.001433 0.001212 -0.004567
2.514765 -0.004295 0.000640 0.002042
nan 0.000663 -0.004345 -0.001508
2.001858 -0.001230 -0.002581 -0.001531
2.138717 -0.002998 -0.007846 -0.001776
1.766356 -0.002779 0.002357 -0.003934
nan -0.000609 -0.004424 -0.005791
nan -0.005600 -0.009202 -0.009161
1.755696 -0.002870 -0.000944 -0.005473
1.030652 -0.000063 -0.000335 -0.002645
2.088290 -0.002615 0.002006 -0.001879
2.121829 0.000223 -0.001896 -0.004449
0.600649 -0.003092 -0.000850 0.001674
nan 0.000681 -0.000784 -0.000929
nan -0.012067 -0.004314 -0.002364
2.217518 -0.003427 -0.001107 0.003806
2.173846 -0.001091 -0.002843 0.000778
0.201206 -0.003228 -0.009136 -0.007677
2.102199 0.000699 -0.004288 -0.001278
2.454435 -0.002552 0.002031 0.003351
nan -0.000899 -0.002709 0.001464
2.309707 -0.002235 0.002759 -0.002407
1.649849 -0.005067 -0.005555 -0.005814
2.202444 -0.002183 0.002927 -0.001882
nan -0.001151 0.002268 -0.002796
1.137172 -0.001720 -0.003550 -0.001359
2.217495 -0.000219 -0.000916 -0.000301
nan -0.002790 -0.005699 -0.003358
1.199400 -0.000804 -0.003486 -0.003568
1.757193 -0.003559 -0.001732 0.001003
2.502199 -0.009623 -0.004897 -0.008637
1.242368 0.001562 -0.000023 -0.001096
1.265885 -0.001246 -0.000694 0.004323
1.567133 0.000021 0.002661 -0.002769
0.936396 -0.010057 -0.001570 -0.000526
nan 0.001857 -0.002255 -0.002097
1.531251 -0.005048 -0.002131 -0.004231
2.583419 -0.007251 -0.004693 -0.004460
1.289554 -0.001887 -0.001022 -0.003287
1.971431 -0.000132 0.003857 -0.001611
1.892388 0.000480 -0.000102 -0.001608
0.959692 -0.001176 -0.000438 0.001283
nan 0.000458 -0.000016 -0.002435
2.215034 -0.003199 -0.000433 -0.001336
1.341696 -0.003025 0.002809 -0.004573
2.327937 -0.004535 -0.006513 -0.005232
2.199904 -0.001041 -0.001807 -0.000317
1.168558 -0.001554 -0.001680 -0.005047
nan -0.005347 -0.004796 -0.003894
2.580260 -0.005028 -0.006215 0.001212
2.943311 -0.002102 -0.005698 -0.004521
nan -0.003224 -0.002661 -0.004108
nan -0.007981 -0.008373 -0.005701
2.063172 -0.002294 0.001092 0.000042
nan -0.000661 -0.000807 -0.001066
nan 0.000759 -0.002145 -0.000765
2.896172 -0.003970 -0.005261 -0.004266
1.910591 -0.005560 -0.006609 -0.004006
nan -0.002035 -0.003820 -0.000624
1.076295 -0.001119 -0.000831 -0.001227
2.140718 -0.006359 -0.003944 -0.006619
2.566759 -0.008569 -0.006610 -0.003500
0.559655 -0.004808 -0.001738 -0.004450
2.208137 -0.003134 -0.002968 -0.002628
nan -0.002152 0.000288 -0.000171
2.028419 -0.003878 0.003405 -0.001202
0.212347 -0.002442 0.000986 -0.003907
0.475179 -0.002980 -0.001159 -0.011669
nan -0.002970 0.000507 -0.000024
0.898247 -0.000239 -0.000666 -0.000855
1.284646 -0.001016 -0.005320 -0.006269
1.662944 -0.002382 -0.001819 -0.000046
2.658028 -0.003062 -0.002696 -0.002575
0.834977 -0.003552 -0.005858 -0.002425
1.372767 -0.009874 -0.006573 -0.008136
2.310434 0.002186 0.000977 -0.002442
nan -0.003007 -0.002001 -0.000211
1.085566 -0.002841 -0.002798 0.002698
2.044290 -0.001052 -0.002984 0.001501
1.784606 -0.003569 -0.000387 -0.004772
2.437356 -0.001646 -0.000419 -0.000102
1.984124 -0.006983 -0.005822 -0.009867
0.677300 -0.002900 0.002078 0.003985
0.455731 -0.003502 0.000786 -0.003279
2.401128 -0.001452 -0.000705 -0.002195
3.051450 -0.004487 -0.004475 -0.005733
1.847164 0.000178 0.002003 -0.003621
2.082056 -0.000967 0.000187 0.001281
1.395412 -0.003856 0.003468 -0.002505
1.247551 -0.001500 -0.003963 0.001949
nan -0.003095 -0.004862 -0.001402
2.791187 0.001959 -0.002704 -0.001403
2.424963 -0.009307 -0.008746 -0.008407
1.797065 -0.005467 -0.005925 -0.006868
1.567643 -0.002099 -0.002815 -0.001772
nan -0.008418 -0.007017 -0.006778
3.069243 -0.001893 -0.004711 -0.002264
nan -0.002260 0.003514 0.001071
nan -0.005471 -0.011486 -0.008343
2.000905 -0.002054 0.001918 -0.002907
2.287992 -0.001989 0.001682 0.002730
2.754919 0.001344 0.000822 -0.002189
1.886622 -0.006828 -0.010151 -0.007862
nan 0.003230 -0.002049 -0.002089
2.618795 0.001376 -0.002954 -0.001470
1.957937 -0.007711 -0.004789 0.000123
nan -0.003945 0.002084 0.002983
2.361470 0.002192 0.000337 -0.001545
2.453109 -0.002951 -0.003510 -0.000554
1.533149 -0.001352 -0.002332 -0.006896
1.166620 -0.003855 -0.006039 -0.003526
0.520966 -0.000081 -0.001756 -0.002738
1.475119 -0.001464 0.002006 -0.000798
1.719021 -0.003027 0.000109 -0.007663
2.321864 0.001407 -0.001430 -0.003232
1.209301 -0.003304 -0.003213 -0.002238
1.124785 -0.003392 -0.000723 -0.004671
1.709502 -0.002741 -0.005981 -0.005371
1.734662 -0.003942 -0.002335 -0.002171
3.005374 -0.002095 -0.002447 -0.005043
2.294996 -0.006388 -0.002877 -0.006615
2.418265 -0.004448 -0.002858 0.002411
1.514439 -0.003690 -0.003665 -0.005021
0.435054 -0.001610 -0.004497 -0.005011
0.557330 -0.005405 -0.003386 -0.003087
nan -0.001816 0.001756 0.004018
1.019567 -0.003144 -0.004041 -0.004239
nan -0.002631 0.002425 0.002662
1.535799 -0.001961 -0.002686 0.000277
2.330116 -0.008624 -0.009222 -0.009453
2.015571 -0.008813 -0.007904 -0.008905
0.566104 -0.001400 -0.004490 -0.002863
2.921275 -0.005156 -0.005305 -0.008174
1.389094 -0.002386 0.000290 0.001107
2.728363 -0.010558 -0.011152 -0.007963
2.795984 -0.000439 0.000857 -0.001287
2.499375 -0.008969 -0.008947 -0.008715
nan -0.000809 -0.000848 -0.000797
2.438092 0.000203 0.000230 -0.001293
2.645094 0.002600 -0.002461 0.002629
1.329449 -0.002229 0.002728 0.001339
0.848520 0.000438 -0.001067 -0.002912
nan 0.001622 -0.000674 -0.003182
1.981142 -0.004608 -0.002172 0.000897
2.071378 -0.002434 0.000798 0.002645
1.796746 -0.005996 -0.004258 -0.001989
2.199596 -0.006264 -0.002741 -0.006614
nan -0.003176 -0.005571 0.001396
nan -0.001586 -0.002225 -0.000200
0.790746 -0.010972 -0.007143 -0.011102
1.916579 -0.001577 -0.004613 -0.003473
1.549665 -0.004717 -0.005183 -0.003030
0.525409 -0.002101 -0.003311 -0.000658
1.031030 -0.007524 -0.004609 -0.005069
nan -0.000314 -0.000376 -0.002466
2.692596 -0.002571 -0.000899 -0.001674
0.589300 -0.002154 0.000742 -0.000287
2.291178 -0.004840 -0.003335 -0.000907
nan -0.009508 -0.008941 -0.009041
2.674979 -0.001559 -0.000041 -0.002096
1.132716 -0.000939 -0.000926 -0.003619
1.935430 0.002170 -0.002328 0.001940
1.275054 0.001328 -0.000296 0.000495
nan -0.004488 -0.002012 -0.002081
1.769590 -0.003116 -0.006691 -0.007775
nan -0.011062 -0.010776 -0.006308
1.688541 -0.000331 -0.002210 0.001274
2.363402 -0.008441 -0.006781 -0.009223
0.897427 -0.001753 -0.003371 0.000535
2.046005 0.001160 -0.001619 0.000169
1.204891 -0.004140 -0.002054 -0.006416
2.339196 -0.003768 0.001965 -0.004600
nan -0.002860 -0.004723 -0.001425
nan -0.005178 -0.002085 -0.001328
nan -0.006863 -0.006450 -0.008348
0.696541 -0.005410 -0.002333 -0.004530
1.455630 0.000855 -0.005270 -0.003088
nan -0.004494 -0.001474 -0.005427
0.850830 -0.000276 -0.004298 -0.003808
0.687975 -0.006084 -0.004168 -0.008764
2.184643 -0.002417 0.003616 -0.002841
1.950897 -0.004826 -0.005233 -0.004632
2.384485 -0.002047 -0.006919 -0.003390
3.111701 -0.004812 -0.001203 -0.001426
nan -0.000569 -0.004352 -0.003408
2.441013 -0.001887 -0.004384 0.000096
nan -0.010581 -0.008644 -0.010871
1.256850 -0.002945 -0.001744 0.002478
1.443057 -0.003128 0.000509 0.000241
1.956699 -0.002163 -0.004185 -0.002561
0.882563 -0.000956 -0.003790 -0.001425
0.479870 -0.001378 -0.001624 0.001687
1.183415 -0.001560 -0.000546 -0.003496
2.656264 0.000167 -0.001023 -0.002161
3.081829 -0.005030 -0.001444 -0.004174
2.487488 0.001340 -0.001819 0.003565
2.244478 -0.001189 -0.002624 0.000520
2.339306 -0.000107 -0.002697 -0.005276
nan 0.000299 -0.002168 0.003967
3.030361 -0.006425 -0.008394 -0.007785
nan -0.000466 -0.000843 0.000501
nan 0.001455 -0.003058 0.000461
1.441302 -0.001507 0.003177 -0.001767
nan -0.000400 -0.001738 0.001584
1.640377 -0.004000 -0.002875 -0.002983
1.671496 -0.000619 0.001469 -0.001285
0.849230 -0.001289 0.000133 0.001031
nan -0.005879 -0.005143 -0.009887
1.193697 -0.000697 -0.002640 0.001133
0.508617 0.000656 -0.001401 -0.001356
1.655280 -0.003933 -0.003657 -0.004025
nan -0.004323 -0.008073 -0.003741
1.332466 0.001646 -0.000598 -0.000797
1.658538 0.001244 -0.000673 -0.002186
2.177462 -0.002751 -0.002598 0.000425
2.225800 -0.004534 -0.006759 -0.005792
2.282289 0.001152 -0.001406 -0.000991
nan -0.003117 -0.002736 -0.000548
1.818634 -0.007463 -0.007918 -0.007042
0.888134 -0.002307 -0.002492 -0.003750
1.759365 -0.000010 -0.001832 -0.004748
2.233289 -0.004977 -0.005824 -0.000984
0.846875 -0.004439 0.000876 -0.004842
1.421672 -0.005280 -0.004818 -0.004387
1.332289 -0.003921 0.000830 -0.005409
1.803086 -0.004293 -0.004168 -0.000011
nan 0.001219 0.001295 -0.002011
nan -0.005168 -0.002574 0.000202
1.423518 -0.001574 -0.001206 -0.000048
2.235039 -0.001533 0.000910 0.002518
2.047803 -0.000140 -0.003322 0.002440
1.752264 -0.001638 0.000317 -0.002220
1.789597 -0.000939 -0.001694 -0.004691
1.939326 -0.001182 0.003799 -0.000105
1.104011 0.000947 -0.002612 -0.003885
2.739065 -0.002144 -0.000513 -0.005578
2.632549 -0.009248 -0.004196 -0.009367
2.190892 -0.004797 -0.004376 -0.000658
2.401067 -0.000038 -0.001946 0.002982
0.542318 -0.007919 -0.011648 -0.010200
0.470538 -0.005987 -0.002196 -0.002958
1.633009 -0.000936 -0.001502 -0.003392
2.092189 -0.001431 0.000042 -0.002405
1.043030 -0.001284 -0.000143 -0.001011
2.005691 -0.003136 0.000622 -0.002652
0.811330 -0.004003 -0.002520 -0.000390
1.820076 0.002092 0.001955 -0.001819
1.742168 -0.001027 -0.000142 0.003128
nan -0.002085 -0.005840 -0.006098
nan -0.001460 0.002089 -0.004545
nan 0.001707 -0.001464 0.000737
2.094250 0.002951 -0.001352 -0.001022
1.240920 -0.003472 0.002157 -0.001901
2.507917 -0.000764 -0.000406 -0.001267
2.150530 -0.003718 -0.000563 -0.004698
1.245436 0.002720 -0.000041 -0.003462
1.508551 -0.000433 -0.001753 -0.000097
1.836313 0.001280 -0.003807 -0.000807
nan -0.000536 -0.000268 -0.000110
1.236670 -0.007170 -0.005520 -0.004559
2.159316 -0.000783 -0.000541 -0.000989
nan -0.000044 -0.001914 0.002283
nan -0.001935 -0.004351 0.000223
0.575353 -0.001523 -0.004705 -0.004436
2.265001 -0.000888 0.000737 -0.004757
2.553152 -0.001286 -0.002595 0.000846
2.332406 -0.002210 -0.006408 -0.004268
2.366410 -0.009893 -0.007193 -0.003651
1.218540 -0.000994 -0.001924 -0.002820
1.371049 -0.004230 -0.003474 -0.000254
2.050984 -0.004420 0.000667 -0.004219
1.874261 -0.005206 -0.004030 -0.003630
0.192314 0.001328 0.000406 -0.001325
2.005930 -0.001703 -0.000495 -0.003010
1.837756 -0.003926 -0.004321 0.000483
1.254708 -0.004528 -0.008262 -0.007120
2.024347 -0.001317 -0.004752 -0.002121
2.020480 -0.001424 0.002995 -0.002289
0.441018 -0.003806 0.002394 0.000937
nan -0.001661 0.000117 -0.005553
2.021913 -0.009389 -0.005041 -0.009028
0.348340 0.001654 -0.002768 0.002309
nan -0.002205 -0.002938 -0.002028
2.061611 0.002959 -0.001729 -0.003103
1.748997 -0.006131 -0.006894 -0.008508
1.786589 -0.003267 -0.001777 -0.002072
nan -0.003370 -0.002656 0.000514
nan -0.004481 -0.000462 -0.002564
2.176303 -0.005396 -0.003069 0.001083
0.715806 -0.000715 -0.001403 -0.004493
2.130451 -0.001866 0.001122 -0.001120
1.709386 -0.001099 -0.001657 -0.002607
nan -0.006101 -0.005926 -0.001323
2.546373 -0.005466 -0.001655 -0.003561
1.617665 -0.000698 0.000322 -0.001689
2.421407 -0.000729 -0.000797 -0.001050
1.723630 -0.005996 -0.005254 -0.004901
0.818413 -0.001205 -0.002018 0.000506
nan -0.000491 0.000547 -0.002034
0.547804 -0.003746 -0.000633 -0.002230
0.709982 -0.002214 -0.000968 -0.003465
2.500457 -0.010172 -0.009655 -0.004443
2.164959 -0.003775 0.001692 -0.001791
1.250462 -0.001502 -0.001192 -0.002125
1.140774 -0.002297 0.002092 -0.000531
nan -0.001999 -0.003484 0.001338
nan -0.001564 0.002946 0.000564
2.613563 -0.000174 0.001960 -0.001905
0.988501 0.001930 -0.002793 -0.001968
nan -0.001470 -0.005737 -0.002983
2.208348 -0.002781 0.002971 -0.002746
1.754822 -0.003225 -0.002579 -0.002532
nan -0.004610 -0.004931 -0.002726
0.730521 -0.000713 -0.004283 -0.000551
nan 0.001499 0.000982 -0.003722
nan 0.000441 -0.002749 0.001578
nan -0.000510 0.000219 -0.002906
nan -0.005686 -0.005411 -0.004834
1.152031 -0.003107 0.001844 0.002511
2.072421 -0.004817 0.001578 -0.004094
0.655616 -0.000613 -0.003359 -0.005255
2.228357 -0.003363 0.004071 -0.003707
0.971287 -0.004093 0.002658 0.003255
2.788003 -0.003940 0.001510 -0.003708
nan -0.001531 0.001342 -0.001229
0.519866 -0.000944 0.002328 -0.004537
1.882638 -0.000655 -0.000250 -0.001073
2.453962 -0.001819 -0.000853 0.000103
0.650494 -0.007044 -0.003258 -0.005575
2.176702 -0.001453 -0.002977 -0.002080
0.509007 -0.006896 -0.001139 -0.003977
2.060317 -0.005846 -0.004288 -0.004836
2.316941 0.000267 -0.002018 -0.002956
2.247144 -0.000863 -0.004425 -0.004050
2.425243 -0.006149 -0.002945 -0.004423
1.651071 -0.000139 -0.003810 -0.002080
nan -0.006308 -0.003798 -0.000950
1.961546 -0.003464 -0.001786 0.000351
2.337414 -0.001126 -0.000729 0.003560
nan -0.003384 0.001058 0.000436
2.313379 0.000366 0.000681 -0.003023
0.382152 -0.002651 -0.007296 -0.004142
1.332860 -0.001021 -0.003450 -0.002694
1.669365 -0.002842 -0.004433 -0.004917
nan -0.002988 -0.001944 0.002865
1.628157 -0.004091 -0.007174 -0.003269
1.459639 -0.000005 0.001041 -0.001480
1.238041 -0.003367 -0.001779 -0.001248
1.662053 0.001741 0.002450 -0.004377
1.118233 -0.002143 0.002325 0.002749
2.867219 -0.002577 -0.006128 -0.002222
2.112783 -0.000726 -0.002338 0.001647
1.541332 0.003881 0.000700 -0.002950
1.971288 -0.008872 -0.007695 -0.003541
1.732518 0.001470 -0.000548 -0.002167
1.187972 -0.006009 -0.007072 -0.005910
1.694439 -0.001905 -0.001375 -0.000981
1.740742 -0.001939 -0.001644 0.002404
1.307099 0.000314 -0.002549 -0.002266
0.396459 -0.001379 -0.001819 -0.001232
1.183922 -0.000512 0.000283 0.004538
nan -0.000318 -0.000561 0.002945
2.083317 -0.007204 -0.003128 -0.003948
1.256925 -0.002810 -0.006493 -0.003247
2.527207 -0.004422 -0.006935 -0.006666
1.943942 0.002619 -0.001663 0.000153
nan -0.003162 -0.001402 0.001907
2.186445 -0.005887 -0.005541 -0.005584
1.836846 -0.000343 -0.002445 -0.004216
1.537045 -0.003213 0.002636 0.000665
0.975963 -0.001344 -0.000773 -0.006054
nan 0.001115 -0.002079 -0.003185
1.653501 -0.000397 -0.002811 0.003003
3.126437 -0.008593 -0.006124 -0.006611
0.883259 -0.003200 -0.000574 -0.001120
1.476711 -0.003478 -0.006951 -0.004281
2.201761 -0.003934 -0.001857 -0.004382
nan -0.000563 -0.002026 0.000550
1.885876 -0.005213 -0.003465 0.000811
1.467467 -0.003609 -0.003191 -0.000946
1.388917 -0.000375 -0.000594 0.002175
1.983254 -0.004439 -0.004075 0.002464
0.948334 -0.003727 0.000650 0.002486
0.912520 0.000129 -0.001358 -0.001158
nan -0.003931 -0.002363 0.002970
2.352559 0.002180 -0.003027 0.001020
nan -0.002453 -0.002069 -0.002853
2.673998 0.001570 -0.002937 -0.001905
1.611661 -0.003424 -0.000082 0.002406
2.247177 -0.001379 -0.001132 0.002125
nan -0.002040 -0.004807 -0.005294
nan 0.001798 -0.002431 -0.001605
nan 0.000081 -0.001434 -0.002009
2.229738 -0.000130 -0.002571 -0.001775
0.400874 -0.005152 -0.002268 -0.002292
nan -0.002039 -0.002920 -0.000726
1.936910 -0.004488 -0.009442 -0.008571
2.338721 -0.005311 -0.005679 -0.004838
2.045203 -0.002484 -0.004408 -0.003877
2.374149 -0.001911 -0.002393 0.000837
1.512904 -0.000792 0.003040 -0.002626
3.037435 -0.006121 -0.006055 -0.007176
0.655694 0.003193 -0.004082 0.002719
1.200613 -0.000295 -0.000748 -0.000777
1.356882 -0.002941 -0.003328 -0.005894
2.650667 0.000201 -0.001027 -0.003565
nan -0.002368 -0.002703 -0.005054
nan -0.004242 -0.003831 -0.005221
0.923573 -0.004571 -0.000735 -0.001239
1.781603 -0.000398 -0.000891 -0.000204
nan -0.001237 -0.002675 -0.001277
nan -0.001888 -0.003856 -0.000993
2.291023 -0.001112 -0.000654 -0.003374
1.810290 -0.000692 -0.004201 -0.005063
1.880860 -0.000103 0.002200 -0.001349
nan -0.003325 -0.006247 -0.006378
1.729782 -0.002619 -0.006169 -0.004225
2.438383 -0.006929 -0.000284 -0.004188
1.930830 -0.003645 -0.002568 -0.005733
1.874585 -0.002173 -0.000094 -0.002516
1.950187 -0.002141 0.003032 -0.000718
nan 0.000994 -0.001852 0.000914
2.578909 -0.001722 0.002194 0.003645
nan -0.000416 -0.001650 -0.001424
nan 0.002044 -0.002676 -0.003680
2.808176 -0.004314 -0.002114 -0.002631
2.144364 0.000837 0.001749 -0.002523
2.236253 -0.001513 -0.003764 -0.002150
2.538510 0.002602 0.002302 -0.003285
1.488960 -0.001210 0.000277 0.001324
2.387493 -0.002731 -0.000849 -0.002159
2.083123 -0.002436 -0.001003 0.002041
2.450845 -0.002520 -0.000800 0.000384
2.094953 -0.005427 -0.000756 -0.001301
1.892756 -0.006928 -0.007536 -0.003194
2.334905 -0.007840 -0.009615 -0.003625
0.949324 -0.001364 -0.002071 -0.001045
2.216891 0.001541 -0.003185 -0.002493
nan -0.004518 -0.005233 -0.002132
nan -0.002354 -0.004868 -0.004448
2.343969 -0.002419 0.000782 0.001068
1.158334 -0.003040 -0.000859 0.001956
2.677206 -0.002823 -0.000633 0.000215
nan -0.002798 -0.005558 -0.002819
nan 0.001636 -0.002405 -0.000559
1.775025 0.000544 0.001172 -0.002933
0.754942 0.002348 0.000498 -0.003307
2.825748 -0.001932 -0.006976 -0.004194
2.920776 0.001694 0.002164 -0.003470
2.373256 -0.000690 -0.000281 -0.000762
1.717492 -0.001168 -0.000656 -0.002409
2.449927 -0.003289 -0.004186 -0.003348
1.993920 -0.007403 -0.010704 -0.006895
1.052755 -0.000998 -0.005201 -0.003167
1.989617 0.003230 0.003847 -0.003061
2.335408 -0.000480 -0.003284 -0.003533
2.778858 -0.004039 -0.004183 -0.003846
1.680887 0.000619 -0.002439 0.000305
3.009819 -0.003122 -0.000698 -0.005201
2.114154 -0.004738 0.000689 -0.006641
2.049943 0.000239 -0.000551 -0.000531
1.284675 -0.000621 0.000531 -0.003573
nan -0.007493 -0.003507 -0.005892
nan 0.000506 -0.004988 -0.004614
1.428914 -0.001457 -0.000700 -0.000463
3.198400 -0.002064 -0.007328 -0.003252
2.545305 0.001679 -0.002088 0.003130
1.689177 -0.004398 -0.010195 -0.005050
2.317288 -0.000207 -0.004254 -0.005139
1.300814 -0.003185 -0.003094 0.001017
1.418887 -0.007149 -0.006620 -0.000987
nan 0.001411 -0.000790 -0.003851
1.410102 -0.001927 0.002454 0.002857
2.101561 -0.004606 -0.004742 -0.001136
nan -0.002952 -0.006461 -0.005425
1.708241 -0.001016 -0.003020 -0.002443
2.525287 -0.006228 -0.003149 -0.002581
2.027172 -0.005984 -0.005603 -0.005273
2.007531 -0.006685 -0.006328 -0.006554
1.755016 0.000518 -0.003704 -0.000789
2.866568 -0.003521 -0.001462 -0.002936
nan -0.003414 -0.002929 -0.003425
2.480932 -0.006403 -0.002949 -0.007139
0.650432 -0.001730 -0.002305 -0.001678
0.693068 0.001300 0.000106 -0.002178
0.933654 -0.003059 -0.000667 -0.003084
1.095236 -0.002954 -0.003188 -0.005957
1.421248 -0.000877 -0.001966 -0.003357
0.843503 -0.010489 -0.003946 -0.007685
2.093931 0.001048 0.001565 -0.003038
nan 0.000567 -0.002057 -0.000112
1.725765 0.001115 -0.002594 -0.003121
1.717932 -0.005958 -0.005725 -0.000905
2.319638 -0.008841 -0.008123 -0.009693
nan -0.002723 0.001247 -0.003625
1.145135 -0.006304 -0.005928 -0.005242
nan 0.001095 -0.002762 0.001887
2.678982 -0.005257 -0.006059 -0.009512
2.326287 -0.003957 0.000295 -0.003978
1.524824 -0.001661 -0.007487 -0.005689
nan -0.004414 -0.003068 -0.003037
