2.448184 -0.006145 -0.004194 -0.000106
1.487047 -0.004443 -0.001453 0.000848
2.278922 0.002204 -0.003884 -0.001819
0.653308 -0.002080 -0.001528 -0.001693
1.196548 -0.001980 -0.000168 0.001763
0.888295 -0.001816 -0.003595 -0.006548
1.770719 -0.003898 -0.003748 -0.001603
0.962025 -0.007533 -0.010861 -0.006027
1.702253 -0.007763 -0.004081 -0.008096
1.038600 -0.005505 -0.006787 -0.003098
1.767884 0.000897 0.000485 -0.003135
nan -0.003576 -0.006515 -0.006105
1.926412 0.000911 -0.003191 -0.003260
2.111199 0.001808 -0.002653 -0.001695
2.599111 -0.010403 -0.010955 -0.011321
1.692398 -0.004067 -0.000767 -0.002685
1.013431 0.000066 0.000917 -0.001624
3.139751 -0.005305 -0.009187 -0.007569
0.461318 -0.004498 -0.000261 -0.005254
2.647199 -0.001285 -0.003165 -0.003820
nan -0.003064 -0.003562 -0.002800
1.423814 -0.010481 -0.007363 -0.010288
nan -0.000672 0.000657 -0.000582
2.026326 -0.000770 -0.000989 0.000768
nan 0.003753 -0.001272 0.000501
1.704978 -0.005390 -0.004868 -0.009510
nan -0.003330 0.002887 -0.001471
1.510157 -0.000750 -0.004062 -0.000752
0.957674 -0.004210 -0.001162 -0.004496
1.441463 -0.002803 0.000785 -0.001499
2.221845 -0.000484 -0.004381 -0.003975
nan -0.001239 -0.002582 0.000723
nan -0.007830 -0.003462 -0.005596
0.643340 -0.008727 -0.001605 -0.004536
2.427231 -0.002057 -0.002785 -0.000868
1.728095 -0.003722 -0.002979 -0.004408
2.621552 0.000980 -0.002712 0.001138
2.226594 -0.002639 0.001209 -0.002935
0.746271 -0.002734 0.003375 -0.001844
nan -0.006929 -0.009531 -0.007456
0.939783 0.000726 -0.001937 -0.002372
1.606396 0.001011 -0.003800 0.002648
1.692306 -0.003357 -0.002331 -0.002337
2.532798 -0.001225 -0.002026 -0.001712
1.181295 0.000163 -0.004838 -0.004076
2.989255 -0.006125 -0.005811 -0.002129
nan -0.000559 -0.004266 -0.004973
1.887426 -0.004466 0.001294 -0.002291
1.391981 -0.001198 0.002795 -0.003657
1.624787 0.002186 0.003168 -0.001338
2.326457 0.000266 -0.000841 -0.000142
1.615554 -0.003251 -0.006233 -0.010392
2.759288 -0.010719 -0.011462 -0.013625
2.231765 0.002583 -0.003583 0.001370
1.814900 -0.002160 -0.002299 -0.001792
2.543227 0.000257 -0.002506 -0.003066
2.220939 -0.001152 0.001570 -0.002842
1.352619 -0.003307 -0.001658 -0.002085
2.392986 -0.004549 -0.000552 0.001033
1.572099 -0.002062 -0.001698 0.003774
1.452004 -0.002842 -0.005298 -0.002229
2.742701 -0.001928 -0.000245 -0.003805
nan -0.003576 -0.000162 0.002230
0.847647 -0.004410 -0.006976 -0.006382
1.592747 -0.004098 -0.002912 -0.001413
1.954571 -0.005305 -0.003070 -0.003200
nan 0.000055 0.000829 -0.002169
1.336165 -0.001898 -0.000686 -0.004604
nan -0.003396 -0.006256 -0.004871
2.807657 -0.002765 -0.004203 -0.004655
1.371523 -0.001729 -0.000943 0.001167
2.747727 -0.014010 -0.015881 -0.011527
2.495110 -0.002845 -0.005086 -0.006119
2.603191 -0.007039 -0.004378 -0.005087
1.414640 0.000052 -0.000829 -0.000837
1.365645 -0.001374 -0.000111 -0.002853
1.064352 -0.005264 -0.001538 -0.004283
1.044473 -0.000418 -0.001801 -0.002557
2.211991 -0.001710 -0.002618 -0.001732
1.247414 -0.001526 -0.002032 0.002471
1.883267 0.001900 -0.002066 -0.002586
1.454729 0.000255 -0.000154 -0.001826
1.370330 -0.003546 -0.000535 -0.001352
1.768237 -0.004111 -0.005287 -0.009201
1.433593 -0.002417 0.000645 0.000065
2.233907 -0.002169 0.003043 -0.000880
2.396626 -0.006971 -0.006406 -0.002903
2.317370 0.000924 -0.001856 -0.004070
2.193141 -0.001386 -0.002324 -0.005098
0.473676 0.001393 -0.001499 -0.001396
2.716116 -0.005063 -0.000945 -0.002213
nan -0.001807 -0.000564 0.000231
nan -0.004206 -0.006588 -0.005602
1.428853 -0.004387 -0.001812 -0.003840
nan -0.005223 -0.001219 -0.001716
nan -0.005600 -0.003055 0.000217
1.060386 0.000100 -0.001338 0.001384
2.677346 -0.001559 -0.003669 -0.001559
2.532744 -0.000710 -0.006176 -0.005623
2.303601 -0.001175 -0.005432 -0.003342
2.601586 -0.008875 -0.008139 -0.007883
1.998585 -0.002214 -0.002129 -0.000613
1.931579 -0.001094 -0.004064 -0.003533
2.026123 -0.003521 0.002314 0.000559
nan -0.005081 -0.005939 -0.002680
1.258922 -0.000659 -0.003368 -0.004327
nan -0.003340 -0.004448 0.000246
1.021001 -0.001634 -0.005462 -0.006173
2.849785 -0.003478 0.002441 -0.004483
1.774590 -0.006226 -0.005765 -0.004546
1.088007 -0.003872 -0.001409 -0.005587
1.432428 -0.000865 -0.003738 -0.001132
2.458196 -0.002722 -0.004776 -0.001052
nan -0.001230 -0.002921 0.002396
2.779789 -0.004488 -0.007248 -0.007751
nan -0.002511 -0.003782 -0.003384
2.659116 -0.000417 -0.001145 -0.001825
1.981786 0.000360 -0.000447 -0.001885
1.213164 0.002643 -0.002914 -0.001283
0.987111 0.000195 -0.000044 -0.000641
1.775159 0.000375 -0.003144 -0.002701
nan -0.000738 -0.002865 0.001616
1.982148 -0.000112 -0.002054 -0.003686
2.269369 -0.003569 0.000731 -0.001172
1.792279 -0.003956 -0.001293 -0.002247
0.284993 -0.002973 -0.001346 0.000101
1.587405 -0.003099 -0.008279 -0.007878
1.488256 0.001762 -0.002652 0.001938
nan -0.000625 -0.001727 -0.000654
1.317905 0.000955 -0.002983 0.001813
2.401390 0.000397 -0.001515 -0.000613
1.065931 0.000527 -0.003574 -0.003032
2.293315 -0.001202 -0.000405 0.000777
2.259050 -0.004765 -0.002387 -0.006513
nan -0.008610 -0.010102 -0.006580
nan -0.001278 -0.003765 -0.000735
1.520995 -0.004588 -0.003014 0.000179
2.919370 -0.006506 -0.003714 -0.002445
0.424323 -0.003696 -0.005177 -0.006360
1.418554 -0.002992 -0.001225 -0.002325
2.429114 -0.003597 -0.000669 -0.004377
1.894157 -0.001618 0.001546 -0.001896
nan -0.005364 -0.001986 -0.004195
1.889737 0.000057 -0.003588 0.002645
nan 0.000522 0.002920 -0.004199
2.256532 -0.006872 -0.007975 -0.004381
2.752927 -0.010665 -0.006287 -0.009957
1.992231 -0.001625 -0.003510 -0.002772
2.056597 -0.003594 -0.004062 0.002975
nan 0.000455 -0.004539 0.000627
0.289660 -0.001486 -0.002365 0.001460
1.848694 -0.000681 0.000956 -0.002175
1.881832 -0.001109 -0.004237 -0.001221
1.905631 -0.000234 0.000145 -0.000380
2.608003 -0.001241 -0.004795 -0.001644
nan -0.003269 0.001276 0.001275
0.699975 0.001145 -0.004276 -0.001566
2.469557 -0.004156 -0.002623 -0.001342
2.085927 -0.003886 0.002393 -0.001538
0.498744 -0.001944 -0.001703 0.001814
1.958931 -0.003790 0.001516 -0.001007
2.398720 -0.007612 -0.007538 -0.004933
2.607901 -0.001162 -0.003189 0.000769
2.828750 -0.001640 -0.000272 -0.003921
2.220977 -0.005484 -0.005616 -0.002812
nan -0.004048 -0.004103 -0.002724
2.813905 -0.006291 -0.004489 -0.005429
nan -0.003278 -0.003377 -0.002281
2.293299 -0.002465 -0.000761 -0.002338
1.378631 -0.001362 -0.000729 -0.001510
2.066605 -0.002403 -0.003186 -0.003663
1.957811 -0.005538 -0.004707 -0.005375
1.766192 -0.000537 -0.002777 -0.003116
1.915082 -0.010107 -0.010801 -0.010788
1.161224 -0.000910 -0.004339 -0.000229
1.551598 -0.004645 -0.004907 -0.001503
1.386033 -0.001384 -0.000225 -0.000401
1.966532 -0.006998 -0.005855 -0.007198
nan 0.000263 -0.002103 -0.002251
1.220912 -0.002808 -0.003138 -0.003345
1.304643 -0.005821 -0.004306 -0.002283
1.996140 -0.002576 0.000057 -0.004810
2.535218 -0.000096 -0.005284 -0.005383
1.946515 -0.002582 -0.004282 -0.002816
nan -0.007631 -0.007757 -0.007554
nan -0.002263 0.001862 0.003519
1.637445 -0.002796 -0.000474 -0.001384
2.245787 -0.001128 0.000609 -0.000538
1.403519 -0.006032 -0.004435 -0.003485
nan -0.003945 -0.000987 -0.001493
1.782010 -0.001292 -0.004806 0.003026
2.211482 0.001890 -0.000921 -0.000892
0.374037 0.003434 -0.000451 -0.003402
1.285180 -0.006043 -0.002402 -0.002421
2.666725 -0.003688 -0.002258 -0.003575
1.142007 -0.001841 -0.004410 -0.005248
0.339038 -0.003650 -0.002048 -0.003792
nan -0.007049 -0.007100 -0.005852
2.053219 -0.002140 -0.001658 0.000907
nan -0.002025 -0.003894 0.001319
nan -0.002098 -0.001410 0.003001
1.218241 -0.000906 -0.004480 -0.005098
2.487989 -0.004316 -0.002506 -0.006470
2.617021 -0.011255 -0.008568 -0.008997
1.263328 -0.002127 0.000390 0.001705
nan -0.003061 -0.001249 -0.001434
2.732350 0.003973 0.001133 -0.002038
1.692645 -0.002524 0.000910 -0.003923
nan -0.000764 0.002976 -0.001024
1.837019 -0.012419 -0.013323 -0.012733
1.550568 -0.000500 0.003314 -0.002806
2.496379 0.000652 -0.004604 -0.005641
2.722409 -0.007636 -0.005553 -0.010670
1.782299 -0.003827 -0.003948 -0.003898
1.567661 -0.004676 -0.002855 0.000992
1.743492 -0.005187 -0.003648 -0.006714
2.283404 -0.003073 -0.007539 -0.005734
1.758778 0.000428 -0.003544 0.001673
2.218273 -0.001064 -0.002028 -0.003029
1.924797 -0.002498 -0.005942 -0.006542
1.097211 -0.004426 -0.002565 -0.001675
1.509799 -0.005784 -0.001580 -0.003458
1.750429 -0.003296 -0.001600 -0.003166
0.864425 0.001084 -0.000068 -0.004175
1.528867 -0.002087 0.000067 -0.001264
2.102178 0.004165 -0.000019 -0.002779
nan -0.005935 -0.003325 -0.001122
2.878910 0.000351 0.000519 -0.002104
2.468346 -0.000725 -0.000414 0.000845
2.918317 -0.003710 -0.006261 -0.002220
nan -0.002918 0.001474 -0.001025
nan -0.000290 -0.000374 -0.005056
nan -0.001309 0.000581 -0.000466
nan -0.000485 -0.004185 0.000861
nan -0.000944 -0.002348 -0.001586
0.983956 -0.002975 -0.004269 -0.002391
2.694719 -0.001422 -0.002297 -0.001307
2.350864 0.002580 -0.003185 0.000951
nan -0.000862 -0.001703 -0.000073
1.805974 -0.003203 -0.002221 -0.002422
1.909448 -0.002037 0.001672 -0.001959
nan -0.001553 -0.001672 0.001096
2.333593 -0.004595 -0.006327 -0.004289
1.287590 -0.002066 -0.000897 -0.000140
1.724275 -0.004692 -0.005856 -0.001826
nan -0.004273 0.001840 -0.000534
1.917649 -0.006632 -0.002679 -0.005183
1.986121 -0.001460 -0.002167 -0.002559
1.939856 -0.006111 -0.007701 -0.007141
nan 0.003026 -0.000795 -0.003075
2.174372 -0.004938 -0.005227 -0.003042
1.727657 0.003893 0.000611 -0.000860
2.368970 0.000731 -0.003048 0.003096
2.063482 0.000560 -0.003163 -0.001697
2.462792 -0.002651 -0.002594 0.001512
2.444386 -0.009148 -0.008643 -0.007666
nan -0.005403 -0.004917 -0.006000
1.683859 -0.003206 -0.000646 -0.002031
2.538297 -0.003305 -0.001264 -0.000226
nan -0.004531 -0.004351 -0.007065
2.217239 0.003033 -0.001056 -0.003228
nan -0.003741 -0.002064 0.000642
2.807921 -0.004617 -0.005152 -0.007026
2.608242 -0.004270 -0.004936 -0.003256
nan 0.002276 -0.003959 -0.000506
1.640091 -0.003590 0.000224 -0.002363
2.888427 -0.003087 -0.002717 -0.004265
2.105032 -0.001182 0.000048 -0.000437
nan -0.002593 0.000110 -0.002041
0.140941 0.000434 -0.001764 -0.004307
0.872398 -0.006540 -0.001162 -0.003530
nan -0.004538 -0.001675 0.002390
2.433197 0.000485 -0.000671 -0.002870
2.115223 -0.005295 -0.003174 -0.003690
nan 0.000358 0.004091 -0.001124
1.345454 -0.001368 0.000155 0.002685
1.184454 -0.005518 -0.004250 -0.001623
2.398417 -0.000131 0.000205 -0.001695
1.112325 -0.004977 -0.001228 -0.003605
2.504307 -0.002789 -0.000756 0.000016
1.918272 -0.004977 -0.006292 -0.006142
1.687148 -0.007392 -0.009517 -0.012971
2.501552 -0.001983 -0.007174 -0.007313
1.017621 0.001901 -0.001273 -0.004390
2.151489 -0.002576 -0.003747 -0.003276
2.821909 -0.006285 -0.002298 -0.007200
0.672753 -0.010681 -0.009251 -0.009892
3.043601 -0.007054 -0.008017 -0.010541
nan 0.001780 -0.003377 0.002336
nan -0.003981 0.001169 0.000840
nan -0.004347 -0.005170 -0.005344
2.109048 -0.001593 0.003606 -0.001466
1.235802 -0.008849 -0.004958 -0.006061
nan -0.001545 -0.006129 -0.007382
nan -0.002531 -0.002665 -0.001536
2.080432 0.001037 -0.005091 -0.004823
1.163695 -0.000641 -0.000899 -0.001350
2.138935 -0.003167 0.001279 -0.002532
nan -0.003483 -0.004015 -0.004089
1.933664 -0.004321 -0.004418 -0.002821
2.769985 0.000316 -0.001751 -0.002965
2.566975 -0.001267 -0.002774 -0.004331
1.354778 0.001301 0.003077 -0.002742
nan -0.005888 -0.002201 -0.002309
1.575616 -0.000286 0.000777 -0.003129
2.184302 0.000725 0.000270 -0.001492
2.123925 -0.003583 -0.004931 -0.001485
0.748159 -0.001239 0.000638 0.000322
nan -0.003786 -0.001611 -0.002166
2.588135 -0.001195 -0.002411 -0.001571
0.977855 0.000886 -0.001420 -0.002211
nan 0.000820 -0.002843 -0.000571
2.847789 -0.002232 -0.004121 0.001710
0.952740 -0.001701 -0.002601 -0.005288
0.988706 -0.006717 -0.005723 -0.008706
2.054991 -0.003592 -0.002421 -0.002275
2.835281 -0.004142 -0.005572 -0.004832
1.818972 -0.009155 -0.005654 -0.008716
1.995152 -0.001958 -0.002205 -0.002172
2.543115 -0.002646 0.002794 -0.004281
nan -0.007395 -0.009626 -0.005564
2.570280 -0.002428 -0.001446 -0.000256
2.007647 -0.002278 -0.002024 -0.002794
2.288505 -0.001823 -0.001737 0.000532
1.798486 -0.006870 -0.004862 -0.004029
nan -0.000214 -0.000976 -0.006350
0.845486 -0.002429 -0.000242 0.001516
2.826911 -0.004841 0.000090 -0.004272
1.839837 -0.001771 0.000460 -0.000182
2.052421 -0.004072 -0.003905 -0.003585
1.651707 -0.003314 -0.003253 -0.002899
1.294823 -0.003241 -0.005415 -0.000474
2.443012 -0.001589 -0.002510 0.002527
2.460483 -0.004165 -0.001589 -0.002173
1.425448 0.001774 0.001662 -0.001817
0.683820 -0.001960 -0.001297 0.001502
2.487709 -0.001383 -0.001960 -0.000341
2.313780 -0.002621 -0.003895 -0.003644
1.536524 -0.004067 0.000911 -0.005262
1.230146 -0.003463 -0.000077 0.001022
1.872910 -0.005826 -0.004007 -0.006334
1.934672 -0.003614 -0.003797 -0.004153
3.146889 -0.011756 -0.002569 -0.003931
nan -0.003078 -0.002799 -0.000819
1.304723 -0.000484 -0.003783 -0.003839
2.487808 -0.004551 0.000462 0.003894
1.930892 -0.001468 0.000987 -0.000861
nan 0.000366 -0.000452 -0.003444
2.051640 -0.005493 -0.001075 0.000351
nan -0.000677 -0.002868 0.003197
nan 0.001203 -0.004287 -0.002972
0.410042 -0.000616 -0.001164 -0.004856
nan -0.002851 -0.000871 -0.001198
1.963258 -0.003073 0.000906 -0.002771
nan -0.000963 -0.001158 -0.001440
2.184352 -0.002961 0.001349 0.000917
2.478045 -0.008976 -0.007235 -0.009310
nan 0.000802 0.000290 -0.001713
1.631312 -0.004758 -0.002167 -0.000200
1.247398 -0.005709 -0.004672 -0.003612
2.260131 -0.003430 0.001390 0.001572
1.432650 -0.005556 -0.001335 -0.006448
1.811857 -0.001840 -0.003200 -0.001101
1.008481 -0.002139 -0.006304 -0.005461
nan -0.005956 -0.003666 -0.000452
0.953752 -0.002234 -0.003378 0.002821
2.094594 -0.004595 -0.007003 -0.006134
1.607846 -0.002720 -0.002162 -0.003483
2.379024 0.001970 0.001008 -0.001965
0.232316 -0.004537 -0.011415 -0.009263
1.498072 -0.004539 -0.000962 0.000795
2.323484 -0.004154 -0.000437 -0.002330
nan -0.003699 -0.002353 -0.006017
2.050603 0.001749 -0.003198 -0.005516
1.949135 0.002070 -0.001471 -0.003377
0.394603 0.000231 -0.002046 -0.000107
1.537216 -0.004151 -0.001076 -0.004768
1.959484 -0.003789 -0.008606 -0.008137
1.669435 -0.006597 -0.006988 -0.002802
1.961039 -0.003180 0.002799 0.000040
1.935185 -0.002327 -0.001268 -0.003094
nan -0.005491 -0.011072 -0.010054
1.506796 -0.002210 -0.000972 -0.003958
1.124787 -0.001030 -0.009494 -0.003244
nan -0.008228 -0.008101 -0.008061
2.589729 0.000019 -0.005538 -0.003264
2.104535 -0.004384 -0.001866 -0.007175
1.653181 -0.003205 -0.004381 -0.003343
nan -0.010266 -0.006831 -0.004061
2.421339 -0.001854 0.002301 0.001246
nan -0.002606 -0.002807 0.001970
2.013350 -0.005235 -0.004096 -0.006412
2.144313 0.001861 0.003262 -0.003289
nan 0.000506 -0.000245 -0.002853
2.566102 -0.008914 -0.006814 -0.008724
0.790451 -0.011125 -0.006496 -0.008905
0.813523 -0.002661 0.003734 0.001162
2.120141 -0.004700 -0.005865 -0.007511
0.555871 0.000314 -0.004199 -0.002690
0.949759 -0.003905 -0.002927 0.000901
1.919371 -0.006332 -0.003083 -0.007463
0.807439 -0.004732 0.001071 -0.002498
2.332360 -0.001550 -0.002644 -0.001916
1.984376 -0.002843 -0.002354 0.001120
1.954767 -0.003684 -0.004528 -0.001994
2.274607 -0.000661 -0.001429 -0.003798
2.104606 -0.001237 -0.000880 -0.003742
1.120583 -0.007327 -0.005491 -0.004940
2.247130 -0.003745 -0.002953 -0.004383
1.759900 0.001084 0.000595 -0.002336
2.012948 0.000888 -0.002038 0.000012
2.396171 -0.000093 -0.002824 -0.001101
nan -0.000142 -0.003022 -0.001491
1.940912 -0.010833 -0.007259 -0.010882
1.477656 -0.004080 -0.003788 -0.000467
1.278431 -0.001310 0.000759 -0.000194
1.076983 -0.004302 -0.002145 0.001639
0.621605 -0.002191 -0.003713 -0.002847
2.688929 -0.004137 0.000398 0.002091
1.617360 -0.002660 -0.001316 -0.002060
1.395297 -0.003667 -0.002698 -0.003048
1.882447 -0.005392 -0.004590 -0.002735
3.008121 -0.002698 -0.006851 -0.006474
1.957002 -0.003943 -0.000338 -0.005258
1.138160 -0.005155 -0.005795 -0.005480
0.898440 -0.003691 0.001194 -0.002199
0.919339 -0.002251 0.000831 0.001868
2.814375 0.003707 -0.002491 0.002523
0.699992 -0.001079 0.002020 -0.003221
1.505455 -0.002946 -0.002132 -0.000087
nan -0.002444 -0.002312 -0.002390
2.154497 -0.002142 -0.000156 0.001856
1.276191 0.001979 0.001189 -0.002683
2.074789 -0.001287 0.001539 0.000011
0.928371 -0.005548 -0.002991 -0.003171
0.981544 -0.001380 -0.000625 0.000191
1.148345 -0.002788 -0.001366 0.001039
1.933076 -0.000862 0.004274 -0.001312
nan -0.001412 0.002716 -0.002350
2.621472 0.001599 -0.001632 -0.001627
nan -0.006197 0.000038 -0.004079
2.569900 -0.003825 -0.001367 -0.004714
0.966453 -0.008288 -0.005093 -0.007071
1.723365 -0.001222 0.000739 -0.001123
2.428231 -0.001356 -0.001095 0.003145
2.459620 -0.004378 -0.004081 -0.004349
nan -0.011146 -0.013512 -0.012126
nan 0.000878 -0.002966 0.001782
1.995636 -0.005218 -0.004687 -0.009989
2.281263 -0.007030 -0.007168 -0.003747
1.356406 -0.000580 -0.001748 0.000640
1.000107 -0.004662 -0.003012 0.001588
nan -0.001610 -0.000084 0.001028
1.813003 0.001117 0.001686 -0.002543
1.729055 0.003090 0.000266 -0.000940
1.852960 0.000881 -0.003934 -0.002096
nan -0.002539 -0.004522 -0.006835
1.696018 -0.004120 -0.002057 0.003166
2.130704 0.002266 -0.002731 -0.003279
2.413917 -0.001552 -0.002798 -0.002808
2.384233 -0.001924 0.001741 -0.005444
1.059583 -0.003462 -0.006343 -0.005699
2.545588 -0.003338 0.000243 -0.002073
1.491183 -0.000851 -0.002057 -0.000450
1.823936 -0.000773 -0.001404 -0.000298
1.556951 0.004187 -0.002506 0.000236
nan -0.003396 -0.000937 0.000106
nan -0.002137 0.000529 -0.002959
1.979998 -0.002048 -0.000842 -0.004184
2.106852 -0.002866 -0.001361 -0.002402
0.131398 -0.000112 -0.003259 0.000929
nan 0.002988 0.001434 -0.001713
0.346122 0.003530 -0.003113 -0.001383
2.212497 -0.001909 0.000717 -0.001502
2.003501 -0.012214 -0.009833 -0.010307
1.239306 0.001710 -0.001199 -0.003381
2.585398 -0.003475 -0.001608 -0.002800
1.788743 -0.000148 -0.002033 -0.001709
nan -0.002305 -0.005414 -0.000637
1.902642 -0.004724 -0.004421 -0.003245
2.324043 -0.005146 -0.007388 -0.007758
0.621212 0.000457 0.002041 -0.001670
0.888247 -0.000756 0.000078 -0.000691
nan -0.001807 0.002892 0.000802
3.097971 -0.009443 -0.006032 -0.009246
1.963694 -0.004789 -0.009292 -0.008094
1.308984 -0.005261 -0.003803 -0.006110
1.749442 0.000301 -0.002284 -0.002219
2.323791 -0.006256 -0.009983 -0.002494
nan 0.001473 -0.004048 0.001304
1.976389 -0.007579 -0.007044 -0.006750
1.073985 0.001073 -0.004229 -0.000778
2.575319 -0.002549 -0.004276 -0.004187
1.563696 -0.000784 -0.002703 -0.000938
2.264980 0.002755 -0.001469 -0.003935
nan -0.002187 0.000945 0.000290
2.011803 -0.005885 -0.003640 -0.011723
nan -0.002483 -0.002036 -0.002453
1.883666 -0.001425 -0.003199 -0.003593
1.947152 -0.008839 -0.008047 -0.003956
1.482425 0.001925 -0.002864 -0.001461
1.161057 0.003469 -0.002949 0.002815
1.129338 -0.005743 -0.005612 -0.002781
1.326828 -0.004435 -0.003769 -0.000658
nan 0.000300 -0.000417 -0.002961
2.261107 -0.006801 -0.006534 -0.004373
nan -0.002574 -0.000236 -0.002463
nan -0.003887 -0.005304 -0.005769
1.246274 -0.002917 0.000480 -0.002678
1.874049 -0.005210 -0.006943 -0.005873
nan -0.002561 -0.001442 0.000566
1.005103 -0.002523 0.001533 0.000521
1.031432 -0.005137 -0.003736 -0.003810
2.313939 -0.003241 -0.002124 0.002429
2.598019 0.001133 -0.000343 -0.003273
nan -0.004195 -0.004787 -0.005498
1.873108 -0.002411 -0.003298 0.000779
2.207509 -0.001802 -0.001289 0.000242
nan -0.001258 -0.001390 0.000183
1.084875 0.003149 -0.001307 -0.001733
1.849412 -0.003066 0.001289 0.000352
2.288952 -0.006223 -0.004633 -0.000882
2.235082 -0.002638 -0.004100 -0.002699
0.645648 -0.003568 -0.003145 -0.005606
2.301571 -0.002152 -0.002916 -0.000272
2.203809 0.002408 -0.001078 -0.003182
2.552618 -0.001445 -0.003577 -0.003765
1.585225 0.000058 0.001915 -0.000658
1.701570 -0.000703 -0.001844 0.003406
2.078625 -0.005188 -0.001963 -0.000964
2.849232 -0.003652 -0.003588 -0.005119
0.393916 0.000686 -0.004360 0.000747
1.233344 -0.000538 -0.005861 -0.001753
2.030643 -0.011916 -0.014009 -0.012153
1.757446 0.001575 -0.003586 -0.000791
nan -0.003422 -0.003231 -0.000173
1.551541 -0.002260 -0.002979 -0.001229
nan 0.000436 -0.004258 -0.001408
1.712659 -0.004807 -0.003951 -0.001977
0.890127 -0.002074 0.002608 -0.002954
0.697656 -0.000481 -0.001885 0.001563
2.288761 -0.002708 -0.006863 -0.006475
nan 0.000067 0.000864 -0.000470
2.759808 -0.003366 -0.003440 -0.003064
1.568220 -0.000215 -0.000077 -0.001702
2.877489 -0.005289 -0.003393 -0.004910
2.163268 -0.005941 -0.005237 -0.006402
nan -0.000610 0.000025 -0.000835
1.230729 -0.003968 0.000445 -0.003267
nan -0.004231 0.001196 0.002227
1.952575 -0.001414 -0.003208 0.000485
1.607109 -0.002668 -0.001535 0.001203
nan -0.002289 -0.000153 -0.002511
2.752483 -0.001748 -0.002836 -0.002404
nan 0.000633 -0.003227 0.002214
nan -0.003447 0.001239 0.003022
1.502639 -0.003437 -0.003581 -0.002273
2.098765 -0.005272 0.000252 -0.005074
1.476563 0.000587 -0.000774 0.002116
1.626825 0.003336 -0.002035 0.000049
1.926005 -0.002319 -0.000105 -0.001922
0.623200 -0.002393 0.000010 0.001230
2.944256 0.001615 0.000979 -0.003954
nan -0.003869 -0.003844 -0.001770
1.266682 -0.000761 -0.001530 0.001529
2.081448 -0.003120 -0.000431 -0.004151
nan -0.003560 -0.004279 0.000825
1.603353 -0.002877 -0.001365 -0.003142
3.070890 -0.004319 -0.006495 -0.001357
1.553261 0.001679 -0.000938 -0.003956
nan -0.002656 -0.002099 -0.001929
2.163690 -0.002805 0.002630 0.002492
2.163931 -0.003823 -0.002748 -0.003254
2.090685 -0.001739 -0.004922 -0.000804
1.558288 -0.009132 -0.006273 -0.005060
1.150531 -0.001265 -0.001340 -0.001909
nan -0.005493 -0.004928 -0.004422
0.822319 -0.001917 -0.001021 -0.002636
1.537003 -0.002309 -0.001403 0.001538
0.990439 -0.002780 -0.001075 0.000941
0.987463 -0.007021 -0.006098 -0.004439
0.862796 -0.003655 -0.003033 -0.007475
1.773428 -0.002954 -0.003301 -0.002013
0.080395 -0.002739 -0.003647 -0.002578
0.961572 -0.001533 -0.000858 -0.000278
nan -0.009070 -0.008337 -0.003921
2.399841 -0.002144 0.002091 -0.002671
1.848564 -0.003041 -0.003563 -0.001821
nan -0.010198 -0.008981 -0.008528
1.709200 -0.007782 -0.006233 -0.007504
2.080471 -0.001990 -0.002640 0.000121
nan -0.002891 -0.001988 0.000494
2.283531 0.004527 -0.002184 0.001865
2.542954 -0.006526 -0.004651 -0.002520
0.802654 -0.001349 -0.003815 -0.007426
1.571059 -0.003002 -0.002792 -0.003545
1.875309 -0.002601 0.002929 0.004107
nan -0.001869 -0.003063 -0.001948
0.899360 -0.008276 -0.007024 -0.003385
0.504800 -0.004303 -0.002260 -0.004000
1.538771 0.000684 -0.002412 -0.004004
2.398923 0.002000 -0.001385 -0.001281
0.088448 -0.006779 -0.006322 -0.005412
1.948214 -0.001112 0.000014 -0.005051
1.727036 -0.001463 -0.003134 -0.000432
1.970247 -0.007626 -0.008556 -0.007998
1.453656 -0.002548 -0.001177 0.001373
2.726560 -0.002119 -0.000785 -0.001049
0.983173 -0.002936 0.002358 -0.000344
2.171368 0.000197 -0.003757 0.003115
nan -0.000724 -0.003076 -0.003973
1.070627 -0.001918 0.001108 0.001390
1.776821 0.000226 -0.002452 -0.000305
nan 0.002328 -0.001407 -0.002061
1.523217 0.000733 -0.002930 -0.001264
2.249806 -0.005030 -0.002025 -0.004719
0.890466 -0.000096 0.000234 -0.001969
1.374642 0.001443 -0.001498 -0.003743
nan 0.001807 -0.001517 -0.001037
1.596907 -0.001707 0.000209 0.004011
0.395720 -0.001425 0.000623 -0.000998
2.353657 -0.005396 -0.003784 -0.001512
2.054102 -0.002614 0.000114 -0.001015
1.748481 -0.007504 -0.007723 -0.005204
nan -0.007263 -0.005792 -0.002083
nan -0.005738 -0.007140 -0.002570
1.134975 -0.002913 -0.007781 -0.004000
1.666861 -0.001431 0.000259 -0.004874
2.205891 -0.000684 -0.001242 0.002599
1.055777 -0.003731 -0.003604 -0.003607
2.062665 -0.002511 -0.003895 -0.005799
nan 0.002208 -0.002464 -0.001086
2.187644 0.000029 -0.000424 -0.000903
1.579008 -0.003483 0.002640 0.000374
1.193450 -0.004436 0.000217 -0.000636
2.202463 -0.006255 -0.004719 -0.003985
1.649724 -0.000558 -0.000695 -0.002713
2.061076 -0.001439 -0.006421 -0.010114
1.116749 0.000545 -0.000262 -0.001946
0.461058 -0.006032 -0.004264 -0.005614
2.103879 -0.006218 -0.002096 -0.007239
2.210727 0.000012 0.004952 -0.001872
nan 0.000017 -0.000233 0.000452
2.418902 0.000780 -0.005065 -0.004228
2.304637 -0.006599 -0.006834 -0.003207
1.969181 0.000109 -0.001514 0.001742
nan 0.000945 -0.003256 0.001558
1.173260 -0.002744 -0.001892 -0.003803
2.403247 0.001393 -0.001861 -0.002923
1.541150 -0.003980 -0.004966 -0.006098
0.842364 0.000026 -0.003517 0.001764
nan -0.003924 0.000070 -0.003008
2.261171 -0.004895 -0.001340 -0.003129
3.148430 -0.008569 -0.008760 -0.013089
nan -0.003986 -0.002343 -0.006172
nan 0.001703 -0.000511 -0.002720
nan -0.000811 -0.000501 0.000846
2.354703 -0.005417 -0.000547 -0.004339
1.196543 -0.004263 -0.002408 -0.002172
0.667890 0.000460 -0.000064 -0.000473
1.904894 -0.003242 -0.004810 -0.004382
0.930786 0.000827 -0.003668 -0.000906
1.346751 -0.001075 -0.001102 -0.001778
1.968947 -0.006774 -0.011711 -0.009837
2.705360 -0.002603 -0.002668 -0.004467
nan -0.005447 0.002926 -0.001703
2.031150 -0.001086 -0.001537 -0.006502
1.053895 -0.004266 -0.010159 -0.000833
1.085117 -0.005043 -0.004287 -0.002294
2.203146 -0.000134 -0.003009 -0.001480
nan -0.002609 -0.002845 -0.003271
2.265392 -0.004249 -0.005525 -0.004843
2.879377 -0.004597 -0.005594 -0.005755
1.861786 -0.005431 -0.005944 -0.005621
2.282892 -0.002998 -0.005596 -0.001863
nan 0.000636 -0.001478 -0.001814
2.282037 0.001427 -0.003380 -0.001565
2.077504 0.000097 -0.004459 0.001355
nan -0.004468 0.002251 -0.002660
2.562680 -0.004692 -0.000495 -0.003054
nan 0.000921 -0.001947 0.002423
2.480379 -0.001874 -0.000951 0.001925
0.935041 -0.005127 -0.000067 -0.000620
0.814179 0.000137 -0.001485 -0.003677
0.630487 -0.003338 -0.002664 -0.002318
2.052231 -0.008377 -0.008294 -0.006174
1.726065 0.000163 -0.001836 0.000420
2.035634 -0.000726 -0.006159 -0.004800
0.418003 -0.003345 -0.002898 -0.001138
0.993429 -0.003723 -0.000190 -0.002536
0.849448 -0.001614 -0.000276 -0.003210
1.828524 -0.003859 -0.002233 -0.001763
2.018119 -0.002300 0.001398 -0.004050
2.322039 -0.000159 0.000972 -0.004771
0.751450 0.000615 -0.004722 -0.003846
2.172252 0.001484 -0.002904 -0.002231
1.875312 -0.007321 -0.007087 -0.004190
2.204301 -0.003810 -0.008079 -0.006467
nan -0.000078 -0.001895 -0.001227
1.910152 -0.001536 0.001439 -0.000076
2.137478 -0.001537 -0.004233 -0.004795
1.419990 -0.001611 -0.001934 -0.002012
2.841211 0.001140 0.000296 -0.004354
0.819121 0.003537 -0.003287 -0.000062
1.044632 -0.001179 -0.001349 0.004270
1.799019 -0.002682 0.002408 0.000732
1.947476 0.000168 0.003539 -0.001432
nan -0.003351 0.003289 0.002172
1.695365 -0.003394 -0.003910 0.001942
1.362844 -0.003578 -0.001986 0.002002
nan -0.002105 -0.002843 -0.000388
1.879138 0.003991 -0.002599 0.002728
1.827542 -0.005734 -0.006143 -0.006195
2.126885 -0.000661 -0.001629 0.000668
1.944197 -0.002606 -0.002290 -0.005236
2.170254 0.001962 -0.002932 0.001565
nan -0.009061 -0.000410 -0.001100
2.168842 0.000393 -0.000716 0.000154
2.558459 -0.003902 -0.002660 -0.004562
0.308195 -0.001687 -0.002295 0.001985
2.644164 0.000735 -0.003009 -0.000157
2.142431 -0.003781 -0.000995 -0.003850
2.681726 0.000500 -0.001314 -0.005581
0.756342 0.002111 -0.001358 -0.000743
nan -0.002091 0.002195 0.000317
2.519622 0.001211 -0.003269 0.002160
1.321861 -0.002160 -0.001696 -0.001399
2.474383 -0.003544 0.002258 0.003040
2.079429 0.000011 -0.003546 -0.001337
nan -0.001274 0.000051 -0.001819
2.042556 -0.000724 -0.001440 -0.004177
1.680783 -0.004116 -0.003231 -0.001109
1.194356 -0.002496 -0.006227 -0.002903
2.955422 0.000789 -0.001190 -0.004460
1.000539 0.000322 -0.000698 -0.002103
nan -0.000642 -0.002038 -0.000776
1.921684 -0.004128 -0.007991 -0.006185
1.481791 -0.000944 0.002165 -0.001974
2.249764 -0.002078 0.001219 -0.003863
2.294678 -0.003861 -0.000257 -0.004739
1.593707 -0.004387 0.000068 -0.003324
nan 0.001727 0.002013 -0.002575
0.911908 -0.003597 -0.004607 -0.001987
1.634924 -0.000478 0.004010 -0.000765
2.603136 -0.003782 -0.002740 -0.003268
0.986148 -0.001714 -0.005387 -0.003849
2.443052 -0.004694 -0.009326 -0.009366
1.844176 0.002310 -0.003359 -0.000900
1.905677 0.000022 -0.001743 -0.001321
2.692603 -0.006252 -0.002652 -0.003656
1.472781 -0.005284 -0.003007 -0.004605
2.594106 -0.007008 -0.005350 -0.003245
1.338853 -0.001212 -0.001148 -0.002193
1.853543 -0.000581 -0.003005 0.001605
1.799736 -0.004265 -0.003720 -0.005919
1.214461 -0.001208 -0.000633 -0.001290
1.295738 -0.002374 -0.001914 -0.002310
2.291002 0.000503 0.000030 -0.001384
1.124728 -0.005934 -0.005360 -0.002310
0.966461 0.001661 -0.003343 0.001021
1.427539 0.001977 -0.002937 -0.001345
0.699395 0.002188 -0.000970 -0.001753
1.968476 -0.004083 -0.005166 -0.003198
2.291692 -0.003104 -0.004870 -0.000685
1.765995 -0.003463 -0.001167 -0.001447
2.728423 -0.005003 -0.004293 -0.004591
nan -0.006866 -0.007537 -0.002968
1.736206 -0.004159 -0.003248 -0.005135
nan -0.000711 -0.003957 0.002569
2.360623 -0.003527 -0.002785 -0.001593
0.269622 -0.004084 -0.004557 -0.008768
1.796357 -0.003214 -0.006106 -0.003459
nan 0.002337 0.001054 -0.003208
nan -0.008836 -0.009393 -0.008765
0.874313 -0.004950 -0.006835 -0.004361
1.160485 -0.003117 0.001732 0.001532
nan -0.002235 -0.002706 -0.002366
2.128674 -0.003533 0.001424 -0.000945
2.676453 -0.002667 0.000169 0.001357
nan -0.001306 -0.000369 -0.000189
2.107253 0.001606 -0.002804 -0.002178
1.609531 -0.000461 0.001982 -0.001493
2.631935 -0.003549 -0.000600 -0.004752
nan 0.002533 0.003129 -0.002945
2.213231 -0.000873 0.001742 -0.003405
nan -0.001998 -0.002209 -0.005053
2.483191 -0.000174 -0.000684 -0.002702
2.081916 0.003384 -0.001594 -0.000712
2.229738 -0.008126 -0.011070 -0.008062
2.187929 -0.012818 -0.003660 -0.004080
nan -0.008346 -0.004352 -0.006853
1.954536 -0.000661 -0.002887 0.003187
2.998952 -0.008129 -0.002673 -0.001164
1.272472 0.001283 -0.003451 -0.001552
2.312333 0.001602 0.001963 -0.001779
nan -0.004591 -0.003492 0.001752
nan -0.001591 -0.003303 -0.004377
1.548661 -0.002491 -0.001781 -0.003673
nan -0.003254 -0.004758 -0.000614
1.324189 -0.003212 0.000664 -0.002606
1.699446 -0.003464 -0.005987 -0.002701
nan 0.001728 -0.001483 0.000471
1.591234 0.001462 -0.003393 -0.003570
1.575341 -0.000105 -0.003286 -0.000397
nan -0.002314 -0.002164 -0.005983
2.506881 -0.006076 -0.006559 -0.002891
1.701548 -0.009504 -0.009867 -0.009611
1.312486 -0.005196 -0.001267 -0.000662
1.534689 -0.004025 -0.009094 -0.007755
1.882242 -0.008003 -0.008148 -0.006024
2.323019 -0.003199 -0.000354 -0.004518
2.482896 -0.002675 -0.002090 -0.003654
2.363153 -0.004702 -0.004084 -0.003689
1.486474 -0.003315 -0.003096 -0.004174
2.912546 -0.004373 -0.003857 -0.005371
2.107149 -0.001892 -0.001855 -0.002054
nan -0.006024 -0.006208 -0.007781
1.938016 -0.002794 -0.001087 -0.002239
1.744489 -0.000962 -0.000674 0.000324
1.777024 -0.004684 -0.006517 -0.006033
2.941232 -0.006149 -0.006690 -0.006777
2.045640 -0.001512 -0.005116 -0.002746
2.148242 -0.006064 -0.004175 -0.003544
1.984992 -0.009671 -0.009358 -0.009132
2.615480 0.003210 0.002765 -0.003027
1.333746 -0.002566 0.000159 -0.004327
1.018656 0.000099 -0.003119 -0.005794
1.859483 -0.001367 -0.003450 -0.001695
nan -0.001223 -0.000428 -0.009529
2.260548 -0.002175 -0.007196 0.000414
0.727808 -0.001634 -0.000867 -0.004988
nan -0.000724 0.004502 -0.001392
2.117093 0.001919 -0.000888 -0.002633
1.843620 -0.002183 -0.006195 -0.005327
1.494525 -0.003248 -0.004907 -0.003064
2.107076 -0.003536 -0.002568 -0.002147
1.687867 -0.002159 -0.003156 -0.000292
2.507852 0.000119 -0.000704 -0.001260
0.839763 -0.003264 0.001512 -0.002298
2.683535 -0.011790 -0.011762 -0.011998
1.993776 -0.000356 -0.000007 -0.001398
1.700334 0.002272 0.002304 -0.002368
0.903852 -0.003088 -0.000434 -0.004123
1.977209 -0.005281 -0.004014 -0.003917
1.834952 -0.002204 0.003083 -0.004780
1.853113 0.001278 -0.002197 -0.003577
1.975458 -0.008555 0.000786 -0.005418
nan 0.000445 -0.001274 0.000123
0.409491 -0.006449 -0.006557 -0.002022
2.074212 -0.003574 -0.007318 -0.006049
1.961144 -0.008308 -0.005973 -0.007722
1.773339 -0.003672 -0.000976 -0.000491
1.256821 -0.000970 -0.000782 -0.000224
1.918035 0.000121 -0.003712 -0.001982
1.990380 -0.001804 -0.005629 -0.001031
nan 0.000748 -0.002921 -0.001984
nan -0.002850 -0.003877 -0.002771
0.934081 -0.009012 -0.005755 -0.003925
2.946519 -0.007482 -0.007836 -0.003866
nan -0.003086 -0.005859 -0.004915
1.057118 -0.003254 -0.001771 -0.003776
1.835642 0.001102 0.000545 -0.001982
nan 0.000767 -0.003929 -0.001902
1.125071 -0.006056 -0.002001 -0.002769
1.596997 -0.003305 -0.002837 -0.000301
2.059480 -0.003692 -0.006207 -0.004581
2.425058 0.002749 -0.000969 -0.001416
2.278666 -0.000368 -0.001097 0.000797
1.513386 -0.006039 -0.006537 -0.006207
nan -0.001179 -0.000760 -0.004294
nan -0.001969 -0.002485 -0.004940
nan -0.002183 -0.006785 -0.006925
1.532558 -0.003978 -0.005338 -0.000748
1.604170 -0.004687 -0.007590 -0.006589
2.273050 -0.001235 -0.001865 0.000401
nan 0.000102 -0.000589 0.004048
2.237544 -0.005308 -0.003374 -0.001017
1.596936 -0.005732 -0.000689 -0.004213
2.544199 -0.007204 -0.007242 -0.006004
nan -0.000663 -0.001607 -0.000434
1.096863 -0.002197 -0.003032 -0.000655
0.906396 -0.004995 -0.001379 -0.006183
1.143889 -0.004798 -0.001449 -0.002623
0.590977 -0.002116 -0.004007 -0.001332
1.213274 -0.006396 -0.002537 -0.004265
nan 0.000438 -0.001534 -0.001664
2.053564 -0.000920 0.001910 -0.001448
nan -0.000900 0.000928 -0.000270
1.387974 -0.002263 -0.002204 0.000762
nan -0.007896 -0.005109 -0.009105
1.732269 -0.000353 -0.003191 -0.001599
1.992393 -0.000050 -0.000835 -0.001610
1.065902 -0.002221 -0.003183 0.002424
2.528484 -0.011793 -0.010978 -0.011838
1.648298 -0.000541 -0.000761 0.002317
1.796915 -0.006494 -0.006701 -0.004525
2.021224 0.001803 -0.001341 -0.000284
nan -0.003281 0.001907 -0.002134
1.707941 -0.003868 -0.003255 -0.003210
1.693377 -0.009760 -0.009261 -0.014431
nan -0.000825 -0.000979 -0.001650
1.494385 0.000915 -0.002204 -0.001102
2.145899 -0.002166 0.000195 0.000283
0.726109 -0.001528 -0.004554 -0.001706
nan -0.005541 -0.006522 -0.003195
1.854249 -0.012678 -0.008801 -0.005281
2.123824 -0.002015 -0.004762 -0.001503
1.515462 -0.006215 -0.002299 -0.004426
1.174926 0.000563 -0.003220 0.001033
1.091842 -0.005904 -0.003415 -0.004082
2.525369 -0.004141 0.001657 0.000235
0.961798 -0.004698 -0.004840 -0.000316
nan 0.000545 -0.000751 -0.003518
nan -0.007083 -0.007080 -0.005543
2.082626 -0.001238 0.000755 0.002396
0.842814 -0.011993 -0.009609 -0.008718
nan 0.000865 -0.003343 0.002241
nan -0.001186 -0.003280 0.001691
1.469702 -0.002883 -0.001283 -0.004467
2.501921 -0.008834 -0.009166 -0.007658
1.569314 -0.002755 0.000155 -0.005725
2.662644 -0.000209 -0.002081 -0.000144
nan 0.001530 -0.000571 -0.001007
1.419569 -0.001986 -0.002296 0.002825
2.036402 0.001696 0.002113 -0.003327
2.805338 -0.011913 -0.011650 -0.016550
nan -0.003309 -0.003619 -0.007150
1.944530 0.002459 -0.001612 -0.003436
1.553379 -0.002422 -0.001166 -0.000724
1.971495 -0.002867 -0.001069 0.002430
1.876210 -0.000621 -0.004202 -0.002535
nan -0.000574 -0.000360 -0.000305
2.046599 -0.004179 -0.000943 -0.001253
0.498853 -0.002131 -0.003079 -0.005480
1.204289 0.001834 -0.000655 -0.004294
2.520014 -0.001444 -0.001955 0.000037
1.808468 0.001446 -0.001985 0.000838
nan -0.003035 -0.000102 -0.001944
2.656055 -0.002730 -0.001103 -0.001937
2.646253 -0.001564 -0.000213 0.004752
2.714845 -0.006114 -0.003272 -0.000048
0.857686 -0.001248 -0.002718 -0.001470
2.520875 -0.003704 -0.005357 -0.003671
2.403037 -0.000670 0.001576 -0.002636
1.973081 -0.001773 -0.000234 0.002569
1.505731 -0.000158 -0.003221 -0.002184
1.423562 -0.002092 -0.007956 -0.001611
nan -0.001020 -0.000785 0.000884
1.898128 -0.002471 -0.002696 -0.004245
2.182276 -0.006593 -0.007573 -0.005662
2.248560 -0.003808 -0.004565 -0.004206
1.120437 -0.005899 -0.003071 -0.003630
2.117146 -0.007110 -0.002594 -0.006199
nan 0.002971 0.002057 -0.003262
1.648507 -0.008661 -0.005509 -0.004931
0.497188 -0.002608 -0.000700 0.000921
nan -0.001170 -0.001301 0.000644
0.443230 -0.004218 -0.001849 0.001456
nan -0.002010 -0.004068 -0.004384
nan -0.004564 -0.002834 0.000350
2.209292 -0.000700 -0.003628 -0.003058
1.495863 -0.001224 0.000062 -0.002360
nan -0.003514 -0.005001 -0.003826
0.787640 -0.001578 0.001350 -0.003516
nan -0.001746 -0.004569 -0.001905
1.248112 -0.004642 -0.002731 -0.007219
2.537085 0.002883 -0.000299 -0.002199
2.339184 -0.004938 -0.003509 -0.007589
1.561879 -0.006776 -0.007447 -0.005826
1.141320 -0.002447 0.002448 0.003310
2.658866 -0.005799 -0.002812 -0.007512
1.106583 -0.004330 -0.000604 -0.002993
2.638670 -0.002623 -0.001198 -0.004182
0.911877 -0.006763 -0.002809 -0.002515
1.530759 -0.000882 -0.000939 -0.001924
0.818135 -0.003009 0.003905 0.001267
2.072655 -0.005273 -0.004765 -0.004311
1.086051 -0.004005 -0.004013 -0.005847
2.024906 -0.004565 -0.005632 -0.002441
2.970502 -0.000088 -0.003881 -0.006557
nan -0.002642 -0.001076 -0.001214
2.947157 -0.005936 -0.007763 0.000005
0.788112 -0.004678 -0.003442 -0.008272
1.541746 -0.000717 -0.000162 -0.001644
1.834449 0.003871 0.000977 -0.001639
nan -0.006936 -0.007830 -0.004657
nan -0.003609 0.001569 -0.001330
1.505252 -0.001019 -0.000011 -0.002448
1.644866 -0.003809 -0.004730 -0.005329
1.802253 -0.001610 -0.004329 -0.002513
1.856872 0.000032 -0.000944 -0.000773
0.922174 -0.003321 0.000007 -0.001209
2.323371 -0.002991 -0.005028 -0.004390
1.804244 -0.000877 -0.003631 0.000918
0.839614 -0.000480 0.000211 -0.004054
nan -0.003262 -0.002670 -0.005495
nan -0.000441 -0.002550 0.001161
2.070318 -0.000512 -0.002040 0.001715
0.720361 -0.007509 -0.001626 0.000920
2.984710 0.001440 0.003477 -0.003127
